-6.438519749066582420e-01 7.044900173402899313e+00
7.279185590413344009e-01 6.117849047612627267e+00
-2.330103452810382780e+00 4.683530790448038772e+00
-9.225885418464773169e-01 6.217108352181987208e+00
-7.515728814162692117e-01 6.797929901697465027e+00
1.828466113157274364e+00 3.307369181103367861e-01
3.804956127515184972e-01 6.655017140597786707e+00
-4.156895074295257619e-01 6.208744927268615044e+00
-1.376227291420268672e+00 6.302862189774351975e+00
-5.800903556580514486e-01 6.181662013439247261e+00
-1.552799328063512396e+00 6.034699489738412304e+00
5.677792495218878521e-01 6.843111006055860202e+00
-8.582297827081745156e-01 6.698750341071831649e+00
-2.391610209571899404e+00 2.959367271532391541e+00
5.404138251793207948e-01 6.613444525556423592e+00
-2.448174215155015099e-01 5.860341375205138092e+00
3.978210105028418209e+00 -1.691881058532677784e+00
-4.756382459821192121e+00 -2.263447855465039460e+00
-4.993266075436130436e+00 -6.905081178174999224e+00
1.718702412814072655e+00 6.892423870035194078e+00
2.747135325251180760e+00 3.135279105675943256e-01
-1.088264956042905185e+00 5.199349671718146659e+00
1.380761373509621137e+00 7.444168415792857374e+00
1.464552258193703715e-01 6.714024640101685648e+00
-1.211342018684542499e+00 5.397148419214643944e+00
-5.025430332293097102e+00 3.890185999489171209e+00
1.930958971590115869e+00 -8.484411579123138925e-01
3.982325711469780760e-01 7.165529972587620477e+00
-4.664353172929156521e+00 5.943373200282724866e+00
1.321648523612761750e+00 7.523024622501463199e+00
-1.636198631697579398e+00 -8.833033834925809735e-01
2.626510169411346851e-01 -8.120875024615832771e+00
-1.462639925308550470e+00 4.889873941186897000e+00
3.419109346990806486e+00 -7.772747779335754670e-01
-1.292503644004813435e+00 6.411097066781320741e+00
8.874494246476396508e-01 6.431540219241167478e+00
2.763252154913652170e+00 -4.012747489035494164e-01
-1.480590809985272482e+00 5.529845906534398559e+00
-1.989820763340818033e+00 5.864336630358701896e+00
-6.124238109642249128e+00 -3.384067684082535443e+00
-2.816250169045398266e+00 -3.027981055372809038e+00
-7.284057928951988004e-01 6.360277836722470823e+00
-2.773020233593006534e-01 5.513793354035034788e+00
5.595447554702337456e-01 7.801522119284586054e+00
7.200586391690243504e-01 6.888777996580575547e+00
1.453463105717450299e+00 4.779312158587125658e-01
-1.554319132675865855e+00 1.457889730218532520e+00
1.893095880139934462e+00 7.186974966190524228e+00
-4.264708739590981623e-01 6.114819336930849225e+00
8.022107386024772691e-01 6.712889194627508438e+00
1.132332000991160603e+00 6.526112626030749375e+00
1.890678872759415263e+00 6.880798859389828159e+00
-1.825981718599035686e+00 5.905377066135783615e+00
-4.316669480348700461e+00 3.324826795975640348e+00
-3.562764480169274162e+00 2.999621145867705785e+00
2.853423772399561908e+00 -1.866368229474358653e+00
2.717620610858990648e-01 7.344991638618949992e+00
7.499987160550536380e-01 6.953650379584315644e+00
4.505679059983030976e-02 6.873881527031922900e+00
1.928791705453814398e+00 8.445299625407358235e+00
-1.016644410721335712e-01 7.107437277589722768e+00
-1.622146700133794361e+00 4.525236076085508152e+00
1.040672782499022953e+00 8.022680449290202631e+00
7.023711344547081126e-01 8.654126540327460759e+00
8.299484864326670541e-01 7.109021136755632853e+00
-5.858161877159516528e+00 -3.565851937054771437e+00
-2.170392437748072112e+00 4.735524137748710061e+00
-2.737078820913845689e+00 -4.684941626501864853e+00
-3.825731031584566288e+00 3.466145216066904844e+00
1.396530229910275311e+00 8.534775425881957034e+00
1.454338078314281635e+00 7.555248748717910523e+00
-3.682421595554709604e-01 6.143539358914580362e+00
5.592564172189212757e-01 6.699861735055854695e+00
4.059364366632579046e-01 6.898111640124788835e+00
1.391852598314184952e+00 7.096338770350410385e+00
-8.220448847998774733e-01 6.350712800153485382e+00
-1.063033915171958999e+00 5.854343863956241734e+00
3.169619543714403243e+00 -7.655301783743864164e-01
-3.910020684125103951e-02 7.650404072849641857e+00
-1.697758469429281103e+00 1.439111075085268698e+00
-3.154217309228681820e-01 6.844344001536419420e+00
9.479719028496849109e-01 7.373975155737153564e+00
2.272420963095352242e+00 -2.880098379889766136e-01
7.332486592297648986e-02 4.923739976318371347e+00
7.868285825247671728e-01 7.506172063264239469e+00
-4.147279724053708705e+00 3.601271050553866537e+00
2.606352317197486279e+00 9.043266849969098686e+00
-4.862767846440217978e-01 6.021369813350062827e+00
2.995664830217203978e+00 -3.795771901836046958e-01
-5.274558073747075859e+00 -4.716793160433607746e+00
-2.414702727365744817e-01 5.599036859895817564e+00
-3.593014252735301728e+00 3.816379791043837511e+00
-3.539887992101468095e-01 6.075559024358354598e+00
-5.458410753239757440e+00 -5.576402170670599290e+00
1.207431371641812801e+00 5.606802139824559106e+00
2.095344894133837510e+00 1.097278114354138800e-01
8.851119517158270167e-01 6.039829846594184204e+00
2.919014687947257158e+00 -8.856205346592582739e-01
-1.379197874989877448e+00 6.207274304691061673e+00
1.051818710592062445e+00 8.375006642969808013e+00
