-3.010884492598968176e+00 1.834325867509895902e+00
-1.919169231546411947e+00 1.380358363023148405e+00
-2.078546785248134743e+00 8.719856200037900962e-01
-2.077282204554022904e+00 3.276717009216568499e+00
2.429100206574600129e+00 -2.055567420174940096e+00
-4.945224614571813504e+00 -4.906506246842825547e+00
-5.204365413502328508e+00 4.190532517937266554e+00
-6.097796236604531295e-01 1.262160979228597490e+00
-2.283185263428849865e+00 1.710042948905156956e+00
-1.699842848850423582e+00 5.980022839874572504e-01
-3.943068746080084175e+00 2.053355342264497452e+00
-3.448596733940052061e+00 2.395494417809183929e+00
-4.460640794825041944e+00 2.624225333443528818e+00
-3.929870636484552815e+00 2.129489349730985914e+00
-3.019853856213369436e+00 1.726143377460152228e+00
1.182376430048079907e+00 8.138321466028614282e+00
-4.455991355486219163e+00 4.249420491812109013e+00
-5.471057046528113865e+00 3.338885762825562598e+00
-4.262062178392859835e+00 2.730373676215295475e+00
-3.318415057883347341e+00 2.880003841605352388e+00
-2.698354041778315615e+00 3.605891394345945855e+00
-2.387209957381077885e+00 2.819646495178491197e+00
-3.988977901274046722e+00 2.456708170794843049e+00
-4.866908155050474249e+00 4.193898862923374438e+00
3.095973686301479066e+00 -1.080490426651854241e+00
-4.268608402122032963e+00 3.490633589037112294e+00
-1.223825364629097523e-01 7.547395668269309965e+00
-3.144934793676167128e+00 2.230827161653238466e+00
2.701448238371541244e+00 -5.220875002761118377e-01
-6.523994340805860048e+00 5.278710727655700374e+00
-2.600101946286685894e+00 2.513475172265672075e+00
-3.262032986151772285e+00 2.719421737799438077e+00
-2.830281135465679831e+00 2.226361222264731321e+00
-3.221590042513355900e+00 3.682644076051339255e+00
-5.511922274606515515e+00 4.814234952302378190e+00
-4.529849731293317028e+00 2.057747100130050910e+00
-6.138367531440362956e-01 5.017105897388792535e+00
-4.350293724303472054e+00 2.799546461551753573e+00
-2.788752188769547224e+00 3.043711468231219630e+00
-3.151423670305474989e+00 1.613372447926087361e+00
-2.578139537211571408e+00 1.830652949463329238e+00
-2.811976131748107122e+00 4.022634210261575305e+00
-3.089262668986852312e+00 3.500251332139153959e+00
-2.901295668228197400e+00 2.192076050462207437e+00
-4.041804295881661346e+00 3.517891881905108153e+00
-5.675383827238011492e+00 3.985252405797471198e+00
-3.142554844230866173e+00 -4.613273033604081697e+00
-5.244780922462251915e+00 6.586720416406615541e+00
-4.464676702531470198e+00 4.350754832670477690e+00
-2.336108585017467654e+00 2.029464054494824587e+00
-1.898901295300095882e+00 1.466825909562655239e+00
-2.300305322961749610e+00 1.980746647226496293e+00
-5.214126637669027176e+00 3.784217136771312440e+00
-3.182331587625724989e+00 2.426728493447769530e+00
-1.577798730673918737e+00 2.404963974615390132e+00
2.523432080190922688e-01 6.463783110640605400e+00
-5.798089674407070682e+00 4.523337187942084725e+00
3.042971095603718812e+00 -8.086797871838513618e-01
-5.426074878496653930e+00 4.208736020067612493e+00
-3.469816674935947809e+00 2.285620961683861196e+00
-3.147910061580417640e+00 -9.027217156712126211e+00
-2.434962470754065578e+00 3.165206844505891404e+00
-1.275970232506473900e+00 6.975880562685090602e+00
1.323239236837868926e+00 6.710665033177771299e+00
-2.060551841656342198e+00 2.761726923904928022e+00
4.663681708848785301e-01 7.274250986145807119e+00
2.951507380064481989e-01 7.055262313435371802e+00
-3.440331390469175132e-01 6.407329491867199245e+00
-3.443247346518247820e+00 2.826521440620029857e+00
-2.978061016701160746e+00 3.461584884871885315e+00
-3.831653845997302188e+00 3.873750840817958174e+00
-6.156669042326655017e+00 -4.707110395785488066e+00
-4.066813920395019544e+00 4.419746692276206979e+00
-3.862396294326196688e+00 4.220752459735026996e+00
-2.204583340613438303e+00 2.303076979881717889e+00
1.038510055100190232e-01 7.140798301721253516e+00
1.205104891589314775e+00 6.498913924324992486e+00
-2.663721598234048749e+00 7.057989402108226784e-01
1.257275657169034888e+00 -8.353048694501858940e-01
-4.927424571177797530e-01 6.944571007431709297e+00
-3.017860734279645296e+00 1.694912909371920184e+00
-3.525786839553902929e+00 -6.527550650289883905e-01
-4.681651327638560289e+00 3.580302579542771646e+00
-3.790030085782526648e+00 3.952770076657554643e+00
-1.387132411260257214e+00 1.097158232511659115e+00
1.240707985959472071e+00 -1.211318641738437396e+00
-3.118918138233591542e+00 2.351268893555216621e+00
-3.962393264064323350e+00 3.727788904437370210e+00
-2.959764939143666673e+00 3.303857313040380550e+00
-3.070497724557545549e+00 3.523417341990244367e+00
2.266015933600853405e+00 -1.853941393540633031e+00
-3.315263244347369742e+00 3.691973891252491757e+00
-8.015264574753266924e-03 6.132378660907254364e+00
-4.141490910497720002e+00 3.508917815367246451e+00
-4.383190198273708482e+00 2.681308364399074051e+00
1.762112961319686422e+00 -7.886729344690337484e-01
-4.107021291143594155e+00 3.470585004698150566e+00
-3.629424520108105678e+00 2.713878585185245829e+00
-5.192318536313808686e+00 4.022430887531067256e+00
-5.569087994438060463e+00 3.714213717255405278e+00
