-4.082658849567241788e+00 2.773164181564484743e+00
3.187283354228424681e+00 -1.647701260832090231e+00
-5.656431443707001350e+00 -4.508989042670692449e+00
-3.747434288428963978e+00 3.691617990451947051e+00
-6.745074582204653169e+00 -5.491222309307008054e+00
1.718483690611739778e+00 -1.471663938036172459e+00
-4.214944487257781702e+00 4.426062128456131006e+00
1.977372238457688614e+00 -9.371887798606589604e-01
3.815141014314083812e+00 -1.564495912182966020e-01
1.491057196237573157e+00 6.921463391895231965e+00
-2.696827884320104118e+00 1.927413548140941568e+00
-1.116991248564490169e+00 6.991721611752283572e+00
-4.736160428775880504e+00 3.532693565567119443e+00
-1.621355208549783322e+00 1.513292606267523155e+00
-7.411111004913369271e+00 6.744048859315306288e+00
3.120018610579336382e+00 -6.537299028000047585e-01
2.505839575023019350e+00 -2.595485721972835336e+00
2.372048169794365613e+00 -1.665565994573699804e+00
1.625632154757842063e+00 -2.801168462440720042e+00
-5.026055064180215304e+00 3.664238276727974419e+00
2.110721096023848720e+00 2.547561800091573403e-01
-3.311481599791251451e+00 3.018386878981688337e+00
7.881939930133003980e-01 6.308383029573072953e+00
1.273663157255897627e+00 -2.369576131275377140e+00
1.760558509989639253e+00 -9.649735592343587909e-01
-3.245044417537265691e+00 2.195774963283334547e+00
2.840690991592109249e+00 -1.414262443169495231e+00
-3.443241171026441449e+00 -6.984733824320678686e+00
-4.338408271291322116e+00 -5.273134030935199057e+00
-2.936710636949289466e+00 -4.865772137985008072e+00
1.654203647624904738e-01 7.005403739701241861e+00
-6.870614006292260711e+00 -4.504657635112927494e+00
-4.515942477642666653e+00 3.327066773085377349e+00
1.000864829100637010e+00 6.776568853390665836e+00
2.846764043472415295e+00 -6.164851090323386629e-02
-4.190142921201544191e+00 4.642235785000613291e+00
7.589034631120543661e-01 7.400645194633187707e+00
2.271232678811861749e+00 1.975287948166617458e-01
-3.649784385135810716e+00 -3.153820349719240745e+00
1.905062260239301475e+00 -1.127209801243487464e+00
-1.936537108429183807e+00 -8.198037613559872483e+00
1.014013382724369583e+00 -6.939214906212296530e-01
-4.804288455668451086e+00 -5.197943403422799591e+00
1.685376539546518782e+00 -1.523656107998067277e+00
-4.515000636818449209e+00 5.585784152695246974e+00
-1.166518922361690302e+00 6.853263952365221456e+00
-8.751988381092936642e-01 6.633400056470746264e+00
2.171825045775737095e+00 1.057455107145108819e-01
1.337913186088754758e+00 6.815460996391695225e+00
-3.095546525464839327e+00 3.310791721959416734e+00
-9.804909760836268973e-01 1.192140949852547038e-01
-3.511300579539061495e+00 -5.312845718435180942e+00
2.873014855848420090e+00 -1.186182846267542113e+00
-3.514965202779611886e+00 -7.554086686070736079e+00
-5.302195274161555005e+00 -8.416517579392515103e+00
4.392215340750761365e-01 8.042074245963359402e+00
9.795028489797841242e-01 -1.611943738804844983e+00
-3.315754582967299857e+00 -6.917305296082016497e+00
-3.597690367566123371e+00 -5.426503358784782627e+00
-6.357727883754135112e-01 6.589714378369495584e+00
-2.286028959259862603e+00 -2.120119891692715974e+00
-3.741027466850597616e+00 2.479158639898237482e+00
2.780911666659457993e-02 5.368363199996094792e+00
-2.216231408227874677e+00 3.234617465985301088e+00
-1.482171663763087288e+00 1.984519114778770854e+00
3.542544769318745956e+00 -8.971709465151614937e-01
4.348844650802929479e+00 -1.594553239991521654e+00
2.339273973439258469e+00 -9.019749458773587136e-01
-5.768383249248307365e+00 3.549696579365709148e+00
4.016945782906515383e+00 -1.639828910708616583e+00
3.198514141135590183e+00 -1.402728260478727673e+00
-4.747317427879164775e+00 -6.147121511657028137e+00
-4.239649063672170648e+00 2.746475581693832435e+00
-4.199294380026604934e+00 2.918545692089586918e+00
1.863131014419064369e-01 7.210276160823058333e+00
2.410044995184569494e+00 -2.817086614375028386e-01
3.252882473836706367e+00 8.776378493123446756e-01
1.177757086197725123e+00 -1.472585450264888296e-01
1.005932403076644110e+00 -9.254179954170500544e-01
1.881445991821248942e+00 -2.191946406577193862e+00
3.026958868253935009e+00 -1.562219386674174038e+00
2.583862242261771858e+00 -1.794605773950042060e+00
3.177819637731920999e+00 -1.252931479955883720e+00
2.701816624489700391e+00 8.284809452224533022e-01
3.250827086566684176e+00 -6.856334552252758563e-01
3.147792584651558201e+00 -1.360550262859714366e-01
-3.556573831161007782e+00 2.392773427096396954e+00
-4.221456121772256154e+00 -3.802282064757321223e+00
4.688202893329500576e-01 6.351797425123462126e+00
-4.746040107563882948e+00 2.594384566837079742e+00
3.467008724781858398e+00 -1.820401763529995609e+00
2.312369572072999535e+00 -1.690684465073426068e+00
-1.169368612469990076e-01 6.578440343271632074e+00
-1.231791099722116423e+00 6.427297584631287641e+00
-2.184498256785796677e+00 -7.053275779250308020e+00
1.332975805108915224e-01 5.630755909891568933e+00
1.762694087375382690e+00 -1.855880008004209936e+00
3.378865318584917343e+00 -1.101653730270813591e+00
-4.661327331902240800e+00 -4.656452851005214555e+00
-4.332361597306000789e+00 -4.863621072848694382e+00
