-4.775064109958110370e-01 6.778067260652133719e+00
-4.433668514589910181e-01 6.139038836670708932e+00
1.787427004880360881e+00 8.164846944124500183e+00
-3.197890804584808677e+00 -4.623493709905190485e+00
-5.410274287919267788e-01 6.551680055685515924e+00
1.004902526635690796e+00 6.412838726399018086e+00
6.251578157607620145e-01 7.527926151339405791e+00
-1.314084736707612056e+00 5.107038923482168258e+00
-1.243391818870455801e+00 5.835126784574335090e+00
1.368508826954944801e+00 6.763236411557209671e+00
-8.480988470517842881e-01 6.136993459075464230e+00
3.419757729377160826e-01 5.721122262751785925e+00
5.722607977701477111e-01 7.377755328303718052e+00
-5.145544096625046748e+00 4.327868598852609772e+00
1.924061085229876067e+00 3.743469432579105138e-02
1.302490183866262363e+00 7.136841323354504496e+00
-2.851695217245460601e+00 2.830866030835868408e+00
1.187079677227665053e+00 6.888520580255582004e+00
-3.851649504923153611e-01 6.239215261731390072e+00
1.026694684536205160e-01 5.718468518404979939e+00
-3.788013912195737909e+00 3.626039498610708289e+00
2.071947224949772792e+00 -1.605544441891440854e+00
-5.131977874352790181e+00 -6.328802506680561990e+00
-2.099664639599799543e+00 4.745278139165123754e+00
-5.091106147228176004e-01 6.149062482976372479e+00
5.056619343311039572e-01 8.031232480377177296e+00
4.297793963633843584e-01 6.804754213292959264e+00
-4.101673529449194611e-01 7.527599952192951527e+00
-3.326966825157855911e+00 -7.215276964298322326e+00
-1.029275143535983927e+00 6.025469753906037340e+00
-1.788784548899262639e+00 -3.944535317335128966e+00
-3.314937084282439106e-02 6.686337501712491971e+00
-2.906243502808102952e-01 5.721564868139367377e+00
3.120233170445318560e+00 -7.880665807735490747e-01
1.162243185229657749e-01 5.446996453838391261e+00
6.220647956327913786e-01 8.272423156557456636e+00
-7.020792948190367255e+00 -7.043060419637205527e+00
2.720109198696495589e+00 -2.247111417318327753e+00
-2.293096534806125852e+00 -7.077921401976949412e+00
-2.495455848339120486e+00 2.186735434304420078e+00
-3.833170910818221033e-01 6.775251678023877844e+00
-9.835952630626977333e-01 6.110343795906629794e+00
-6.149255677520709007e+00 -6.087424668319119547e+00
-6.199696708088173192e-02 6.670332347163268061e+00
6.533289050173323176e-01 8.388833032604981810e+00
1.103474052597468030e-01 6.484203493404503860e+00
-1.652710100180349695e+00 1.708205371329086564e+00
-2.227028819175053354e+00 -4.811941224466132816e+00
-1.195767881951154687e-01 5.579996129786781722e+00
-3.971777819005974486e+00 -7.319820448123552481e+00
-8.631201568376158928e-01 5.457701233650489314e+00
1.216013060091490905e+00 6.977243953849381342e+00
5.203717656808578562e-01 8.054297895680763375e+00
-6.183530050487361152e+00 -5.193106350296639917e+00
8.110028863715651459e-01 6.539647415540496667e+00
-1.509732120071181516e+00 5.437589359290050162e+00
4.655415291200606931e-01 7.250800965409208487e+00
-1.353203510157981349e+00 4.658620374291425392e+00
2.851373243782850952e-02 8.667138623501376316e+00
-1.715680921686862925e+00 5.918283759145115397e+00
4.350408450159761742e-01 7.011890068426278155e+00
-3.842455771291535260e+00 2.965508614565792289e+00
-7.001075128383472679e-01 6.291507691347193898e+00
-3.184508777744998742e-01 6.173191202561094215e+00
-4.006398059559418634e+00 -6.144101737859406498e+00
2.408929123749023127e+00 -1.929042685850900440e+00
9.708028337104909200e-01 5.770543213994130838e+00
-2.345064809125716021e+00 4.917183166406804418e+00
-1.043572949568059460e+00 4.827778454469790148e+00
3.038041199965000771e+00 -1.331505751957952732e+00
3.902742584012187099e-01 7.411758078584186116e+00
-4.423048810409153653e+00 -4.187684909449927773e+00
-7.263615323624796893e-01 5.453287757969395244e+00
-6.336268495295906078e+00 -4.862632268236277255e+00
-4.410159186734158077e+00 -5.532800006330901077e+00
-4.484282216378638330e-01 5.676997049908597326e+00
-1.129019269351851928e+00 6.385157270069211854e+00
2.159180005677580727e+00 -1.695466826829921558e+00
2.742049473416787730e+00 -4.821997310675582016e-01
-2.962769684781112911e+00 2.856036842043895518e+00
3.510189004170574112e-01 7.884228961776692302e+00
-3.115207068101338850e-01 6.857306583078527140e+00
-3.623133378294711715e+00 -5.469717031677801877e+00
8.193710325098213509e-01 6.230359536968895995e+00
3.257046782716664923e-01 6.108371609782071054e+00
-9.108999145598960512e-01 7.297695075999817149e+00
-2.125328876256880051e+00 5.146294522164211571e+00
-8.118501691029005318e-01 4.850286339641600719e+00
7.168126842063733406e-01 7.783486101518494849e+00
-6.088698415875720693e-01 5.771893940874111451e+00
3.346012203567058307e+00 -1.241356185026671000e+00
-1.642992832326043207e+00 6.147011562537718632e+00
-1.486972232152680012e-02 6.453108291368450544e+00
3.160229037113700956e-01 6.408678279530972688e+00
1.200603244991286456e+00 7.623800534185341427e+00
7.697157154517750843e-01 8.032179147557558352e+00
2.482741178110592806e+00 9.256518001325124700e+00
2.428810871790334058e+00 -9.004850555952726987e-01
3.228988824795387735e+00 6.165702735290989889e-01
-4.760053623634785680e-01 5.904392680988887143e+00
