-4.707233976166336209e-01 5.561870953807853013e+00
-3.030940345198869679e+00 -5.235093071020376243e+00
-4.513923782419568376e+00 -7.868204599234688956e+00
2.691153976797222014e-01 7.667501648648642032e+00
-3.642028384805665819e+00 -4.062148985072608909e+00
-9.345123433031087279e-01 6.244982208903230969e+00
-4.165120919644193620e+00 -5.458640986291436015e+00
-4.345299679376582347e+00 3.239137674013464085e+00
-7.505601805682296401e+00 -6.345694702334395032e+00
-5.707205705084951397e+00 -6.630163833209789637e+00
-4.725644794822189354e+00 4.560148038638167201e+00
1.054127793077221042e+00 7.582671501403616787e+00
2.360417164421989344e+00 -7.475195429540093528e-02
1.284496347302784836e+00 -1.812749714204213713e-01
-4.293385975785943387e+00 3.764869679733963803e+00
-5.281993262221414298e+00 -6.989273067953917007e+00
-2.854623209059142130e+00 2.224084280363142874e+00
-3.520258957283198598e+00 -5.864626423078162176e+00
3.168065684197951981e+00 1.883802739788118519e-01
-2.004054540550805896e+00 -3.699964060396604637e+00
-4.950599519053203501e+00 -6.976733578087817023e+00
-4.554608313532654940e+00 4.403525556684376063e+00
-3.487026681160876329e+00 3.178605610192417608e+00
-1.619766896150671709e+00 5.739960465836714043e+00
2.338413152785897342e+00 -2.991311635780378175e-01
-2.802173783501974214e+00 -5.632139702439173057e+00
-2.283624647541889097e+00 8.670787601137721623e-01
-3.950063274839445526e+00 -6.422672940978361389e+00
-2.877905778474203036e+00 -4.191431485032478754e+00
-1.506636040613566374e+00 5.643013613384854743e+00
6.237276811575762636e-01 -2.136094491983850929e-01
2.355202741414076650e-01 6.493975001971228345e+00
-2.444424672304633894e+00 -4.471398317801320133e+00
-6.154499684625839073e+00 -6.235780799932681084e+00
-3.963018796946021993e+00 3.076375449422425135e+00
-2.498518070810725078e+00 1.096119108035481515e+00
1.827916194292097174e+00 8.402303399765997938e+00
-2.096981270802363184e+00 -5.352361374336598310e+00
-2.230200694796401262e+00 -5.415827378390221547e+00
2.763830465084431420e+00 -1.745380318204932335e+00
-5.724042368582784590e+00 -8.525463040173438145e+00
-5.964807629475412654e-01 -6.107522122121008756e+00
2.793724965812489192e+00 -2.187855208065431434e+00
-4.482785508215945569e+00 -5.806552013955054825e+00
-3.425062556195733743e-01 4.425467789850965339e+00
1.420155357137949270e+00 7.246666102088266115e+00
-3.988251552996811444e+00 2.801408055277212927e+00
3.805020709067906459e+00 3.043556114130641088e-01
-6.171822845262376900e-01 5.443514238022665097e+00
1.339058324372167208e+00 -1.747175444373668673e-01
-6.174632527720924635e+00 -4.640936606548153875e+00
3.086446482446812745e+00 -1.304961620685422208e+00
-4.651779762340451541e+00 5.537609728581304402e+00
2.091091300833472388e+00 8.365991775506717687e+00
2.722976687907591398e+00 -8.582934310558462121e-01
-4.394278988086314008e+00 -6.657769548401599735e+00
-1.644963338376397743e+00 -5.836672716269415417e+00
-3.926274561574338851e+00 -4.885608820829546062e+00
-5.422453140235710123e+00 -8.721684707019930372e+00
-1.479139179622945388e+00 6.201002391514998990e+00
-3.950725807311351367e+00 -6.200750567948103864e+00
-5.399443311989048588e+00 -1.202194689228470281e+00
-3.215945550605601611e+00 -5.876521531253511732e+00
-5.692027382847428818e-01 1.795775591226182577e+00
-4.941626079702182039e+00 -6.216517031686296768e+00
-2.445952169037103552e+00 2.352444873869087072e+00
-5.189866011760542186e+00 -4.631456245579007813e+00
-3.837253076133437801e+00 4.060144730944086788e+00
-4.779106612532417309e+00 -4.556927461433901705e+00
-4.741280869508144313e+00 -3.734401372616264148e+00
-3.187069924098826945e+00 -4.556968899893503178e+00
-4.320735734606114598e+00 -4.826718806702619879e+00
-2.901386012232005207e+00 -4.356101776622145039e+00
-3.681603020207716348e+00 -7.019359880192290291e+00
-3.713438719393747700e+00 2.963760313324014017e+00
2.047747324724824125e+00 -8.955472854176579345e-01
-3.832072163754961736e+00 3.215013435866025837e+00
-1.763314870290839664e-01 -3.851264903590228883e+00
-5.048851100409182280e+00 -4.027708113984692417e+00
-4.306454001972383594e+00 -5.494694695236414184e+00
-2.076611715975742456e-01 1.558845004230027920e+00
9.913566454468288880e-01 6.373389797265210710e+00
-2.171988961348042757e+00 -5.416040695671047622e+00
-4.685994652656336967e+00 -4.115224759822591949e+00
-2.469247799747489314e+00 -3.834030906478750111e+00
1.896057406739371842e+00 -1.310706013225836575e+00
1.994805739809259182e-02 6.633367674272144576e+00
-5.183610474201785223e+00 -5.647755551218716086e+00
-5.449870843810678878e+00 -7.634907425174265683e+00
2.015882117636962345e+00 -8.201435698160596255e-01
-2.841540413208972993e+00 -7.054167477687182775e+00
-4.163148137823045936e+00 -4.818287513816099654e+00
-6.240769695579764686e+00 -4.570177616264738063e+00
3.019885332166151182e-01 7.216176768778038486e+00
1.938223638478855371e+00 -1.296323583963330250e+00
-3.259892269278769739e+00 -2.300424926222048860e+00
-3.529989509070960985e+00 2.044572800435533466e+00
-3.936461778739591466e+00 -4.724691731630328739e+00
-5.381522852535019830e+00 -5.528413945497301363e+00
-1.399599628838497978e+00 -5.214026493884186486e+00
