-1.472463994677679633e-01 5.560416084552520566e+00
-1.295241536888311007e+00 5.236536216174053848e+00
2.022551465488783062e+00 8.302374740963349709e+00
2.486352516941043311e-01 7.332742984469588166e+00
1.068994722945139308e+00 7.130991340240035115e+00
-1.228270940724069060e+00 4.148127567347078326e+00
-3.700714723744807255e+00 4.339053748105936137e+00
-3.761084258033957628e-01 5.572478906968997947e+00
-6.352920407639207900e-02 6.393451006437027573e+00
-2.367465052487279786e-01 6.640846549503166329e+00
2.525191221936886610e+00 8.804597271466718666e+00
2.695507703057986593e-01 7.691612261983335586e+00
-3.669670495769857599e+00 4.548205522911004550e+00
2.208604776284314397e+00 8.504572098875417652e+00
-1.654073686993333236e+00 5.658813183192942908e+00
1.352938829467453363e+00 7.605188384377568056e+00
5.005293482296384600e-01 6.819408708358891680e+00
-4.940510107646033156e+00 -5.719084385137078286e+00
2.779394672069840144e+00 8.035856145904052283e+00
5.177415964769616075e-01 5.881571247038953842e+00
7.277217478683521978e-01 6.879275322590678421e+00
1.480743938123204817e+00 6.796654932984973918e+00
3.579598067348243595e-01 7.589642865675576999e+00
-9.697571217449985070e-02 6.828190619354796098e+00
-3.931663826686606633e+00 2.532318563907606457e+00
-1.032917978243368839e+00 5.090283077191863015e+00
-1.646794362856295324e-01 7.169708711822567082e+00
-1.047843029215460131e+00 5.814369193407692649e+00
1.466059604726409393e+00 6.700411505508502508e+00
1.518430985580429549e-02 6.932253509146744541e+00
-1.022461818228464603e+00 6.037556176863216884e+00
-3.125249392865331322e-01 6.299983494524927785e+00
-1.965614164843583644e+00 1.420473507876907959e+00
-1.067365542870845285e+00 5.630270398171830060e+00
2.897002002423072486e+00 -1.013819648199324241e+00
8.236387047817325113e-01 7.603966520823030706e+00
-3.518844402872424837e+00 2.473371592788060180e+00
-3.724188216560921916e-01 5.902272479551060158e+00
1.829499859880768575e+00 5.986473421729015421e+00
4.991854477430767156e-01 7.292521632935348386e+00
-1.908346056856361939e+00 4.411954457428171494e+00
4.125515018320606853e-01 6.249099282468217886e+00
-9.293552569328454860e-01 3.983955402332868267e+00
2.203141226610888737e+00 -2.471434684238604795e-02
1.660579024015592875e+00 6.641418789975161552e+00
9.943175313617091948e-02 4.868772103991549471e+00
1.123451954455539470e+00 7.617381750767269644e+00
7.019250235502992874e-01 7.881165117594106206e+00
7.062428575235081274e-01 6.627606397972102492e+00
1.070997110050500467e+00 7.552132321614095645e+00
-9.538899730770489249e-02 5.567355598281984008e+00
-6.276105685947642954e+00 -3.633494349822994796e+00
-4.967199061641020208e+00 -3.007191891332224642e+00
-6.854184377026238950e-01 5.788935202696435134e+00
-3.981274860053474196e-01 5.860557183019036387e+00
-2.352823700234952242e-01 6.649149283238127595e+00
-5.403078986667749772e-01 5.943372198517186789e+00
-3.773116625584715056e+00 -1.082523528502704835e+00
1.767090824156135387e+00 7.489079598249627878e+00
-3.172591959774610504e-01 6.254903659149095851e+00
-2.993686634509181488e+00 1.964549707235413445e+00
-2.856974540965444120e+00 2.880485855984616705e+00
5.294664047719507272e-01 4.686907407401610826e+00
-7.180142843290133747e-01 6.982831450376316695e+00
5.238465541434692563e-01 7.670366231613627406e+00
4.691861388772198271e-01 7.722135024977784035e+00
1.128365419467688646e+00 6.563997402290230099e+00
-8.947091599162121378e-01 6.961280861524999253e+00
1.392003012591195743e+00 6.268221473597132665e+00
-2.880087786168218145e+00 4.726854857311579394e+00
-9.773961575004652680e-01 6.869610096808068889e+00
1.243250830013599373e+00 7.653005734803905113e+00
-1.404555852569196739e-01 5.769947275650068264e+00
-4.773377734620097179e+00 3.540594334591779635e+00
6.963960195640742645e-01 7.339417158596444501e+00
-5.547119306752271939e+00 -7.572579918550692568e+00
-5.195325015533710733e+00 2.340192273530901534e+00
-2.955085734219952798e+00 1.423752501616863286e+00
1.433567839797495358e+00 6.714510932539251797e+00
-3.230446215211866257e+00 -5.195999816869864674e+00
6.814026441970154335e-02 6.389396638193546529e+00
-4.442936664303262617e+00 -3.846261777079424959e+00
-6.944959657387875240e-02 6.052389100211406969e+00
-1.090361193790667205e+00 6.161762134864962270e+00
1.058785418248672006e+00 7.070019533964153169e+00
-5.724643218678696854e+00 -6.336647106466084978e+00
4.196911422718893059e-01 7.408341526020531198e+00
2.753774436012658366e+00 -1.663560291353062270e-01
-5.046782241840721994e+00 4.973137378644398865e+00
6.145748134650072525e-02 7.092128429187153138e+00
2.814906213452046391e+00 1.353408030835490550e+00
-1.304054497418818848e+00 4.525140483033306182e+00
1.064187295465507610e+00 7.596435288332955338e+00
-1.151233367038597910e+00 5.530131325491221439e+00
9.959686724869885044e-01 7.956020324194090776e+00
-5.087711797700124050e-01 6.753765566350266702e+00
6.307114884045603720e-01 6.955945461398382434e+00
1.116918780576452441e+00 7.357103601111957047e+00
6.934753769767522114e-01 8.858277521201607385e+00
8.882255813860714388e-01 8.034053927432486475e+00
