5.767674450825431842e-01 6.415635732039740802e+00
2.403294764814856599e+00 7.802781421893614677e+00
1.427210794200209243e+00 8.272209601635109877e+00
-1.018652342217956530e+00 6.115790370406892329e+00
-2.076950723917538433e+00 5.609835928745658507e+00
-3.485551994217586103e-01 6.347661227684986862e+00
4.776615489951998583e-01 6.316223294694819579e+00
1.425700884189308182e+00 7.336414165556213618e+00
-3.210037068121496695e+00 -6.945661819935140535e+00
-6.394309650971612413e-01 5.576543015246354429e+00
8.137650461023224757e-01 4.615700008237883623e+00
-6.829900067153623411e+00 -5.597914868036570901e+00
-1.326077234320084397e+00 5.189949021540333440e+00
-6.566461520292503351e-02 6.534007518891974620e+00
-1.742274591412823481e-01 7.659237599079430581e+00
-3.243731413168532196e+00 -1.504086819474439451e-01
-1.192345371614072613e+00 5.267936897480449687e+00
-7.371986237496603867e-01 4.643469654070258024e+00
1.349120831626371642e+00 7.659463773376256057e+00
-2.616522245065294516e+00 4.756388900501144157e+00
7.742111783506526734e-01 7.113300947647832828e+00
7.538967506559932641e-01 6.778556520904179372e+00
-2.357827324993100326e+00 4.664461977613290067e+00
1.092947795788233645e+00 7.446976756052674062e+00
1.002602920395134101e+00 7.751902254909253109e+00
-8.111762545222356291e-01 6.495306443071981128e+00
3.244779893683521488e-01 8.375071776392157830e+00
2.925619295723275726e-01 7.177353788181029870e+00
-3.901711165396103631e+00 4.283347397578440408e+00
-2.165696058539718472e+00 1.792941718085942604e+00
1.812862253481047681e+00 6.974386400998289659e+00
1.585043066578849080e+00 6.848100199262908916e+00
1.256823580734337531e+00 7.633593540677419576e+00
-2.229475615210395611e-01 4.684573618218363933e+00
-4.006484995712872532e+00 4.084476521482796052e+00
7.713692426103794242e-01 6.529927944288904662e+00
7.108656792308324368e-01 8.002368875570640583e+00
-7.107133035596929771e-01 6.062814986775673098e+00
1.070063011344700055e+00 7.697379343489028969e+00
2.187628257737010085e+00 -9.344610797557625359e-01
-5.124583767973816428e+00 -7.251960581126101424e+00
5.816646033586282405e-01 6.394577603151955003e+00
7.120095982419087921e-01 7.625467581268154937e+00
5.727144269997347381e-01 7.794335376080804068e+00
1.949763141111349185e+00 8.078045373594500589e+00
-4.695381437041294070e+00 -7.218631613756699039e+00
-5.901261936623011906e+00 3.798999518704507139e+00
-2.760432030698531047e+00 3.768016705419288126e+00
-5.215116996569431063e-01 6.499834296911666698e+00
2.453033234556050601e+00 -4.508239397679528748e-01
-1.166759025260967642e+00 6.000229287205331552e+00
-1.243716405581501094e+00 5.882093486252027326e+00
-5.929080067426805378e+00 -5.038085370716027356e+00
-3.845733725529908220e+00 4.585287694050224516e+00
1.236083042458922865e+00 8.532250304891269010e+00
-3.676210258827880661e+00 3.915977712516222731e+00
-5.785778087269066727e-02 6.780574580959555675e+00
7.107218709852380911e-02 5.967167425211035159e+00
-1.204318619109802369e-01 6.613864304563969121e+00
8.429498010142767450e-01 7.206011718963631019e+00
3.939807688972647437e-01 6.148468863205039270e+00
-3.592795418350616998e+00 4.325656061520009033e+00
-4.286393204522046529e-01 5.575009448417064917e+00
7.436690509497818902e-02 6.807309362254441609e+00
1.384087359860718403e+00 -1.047301511927440032e+00
-5.722136003826563400e-01 6.445012021502642519e+00
-1.668501643239094223e+00 3.179342463819150311e+00
4.372322332031008396e-01 7.082067230468246599e+00
1.983292534562792309e+00 -2.023663545576522615e+00
-7.778457833723191328e-01 5.552907646117924756e+00
-6.283180772165319894e+00 -5.332687768077267521e+00
-4.901119851186393817e+00 -3.434519271594394851e+00
-1.999735157394415541e+00 -3.273085687402585542e+00
-4.358786573482776872e-01 5.729508942512033798e+00
6.743205182325329172e-02 8.377768537133391646e+00
-7.581082256597742042e-01 6.309238538566097176e+00
-8.526461621796677104e-01 6.541500490436055415e+00
1.255390060303225586e-02 6.335432026828985208e+00
-1.029754139788491951e+00 5.682272791201670614e+00
-4.104647553689527051e+00 3.304173112089833886e+00
1.084184926898548174e+00 6.820147215405194530e+00
9.017658439914760793e-01 6.978767705989402437e+00
-1.795233764860606929e+00 1.952077463315447625e+00
1.345968705284337208e+00 6.492797324123558589e+00
-1.160818399036251503e+00 5.465293923769336537e+00
-4.487072116865648552e-01 7.316953816407219868e+00
-8.678069714100182797e-01 5.276559549013205341e+00
-7.402357819090443769e-01 7.389495476560814957e+00
2.762276238122604255e+00 -2.336543492851093085e-01
1.988909834013338651e+00 -1.363568263655696278e+00
2.104113904006136293e-01 4.951374348269458103e+00
2.871547111733277480e-02 6.482663060508763841e+00
-3.032452345859517173e+00 3.107859431906039749e+00
1.564740038530203714e+00 7.971892875292318159e+00
-1.387623761427052571e-01 5.112863243353301890e+00
1.171264073265379624e+00 6.177851107377447804e+00
4.797989472057465066e-02 6.979659672377891866e+00
-7.819968589353230026e-01 6.817161058710376587e+00
-2.747086533138104469e-02 5.659608499209777044e+00
2.430211492956280139e-01 7.869967611307552069e+00
