-1.772581465312423887e+00 6.038688140060165743e+00
-9.578866817028017233e-02 6.225444663608241669e+00
9.054480770690298552e-01 6.354163820702704690e+00
-1.015991556254332906e+00 5.155693921242379574e+00
1.633799452399371077e+00 7.738777640149182346e+00
-7.310211549446412604e-01 7.797068015934449647e-01
3.809302282608371115e-01 7.632718233188857226e+00
7.325902795311023397e-01 6.948707753867084946e+00
3.706601496183946409e+00 -2.388460293898194919e+00
-1.122814235375696690e+00 6.456108814428078269e+00
-2.358903217881578307e-01 6.150313895324219793e+00
4.880297814220391217e-03 7.706296949269571428e+00
-9.937772923857259855e-01 5.515863749444696040e+00
2.276686986901192533e+00 8.073798604192601758e+00
8.857695241090136618e-01 7.447893004843436415e+00
-4.798394592831598970e+00 4.385311345925774873e+00
1.615269206263654000e+00 8.083657282179588677e+00
-2.067839761754313166e+00 5.920327601182864719e+00
1.053627364873401584e+00 8.093197567236190437e+00
-2.232087685648445063e+00 6.412059729975164046e+00
-9.975067441160944126e-01 5.484229134504316150e+00
-1.806632794637206829e-01 6.059664284967380965e+00
-1.126009251509217934e+00 7.446776813782165938e+00
-4.226063554146491263e+00 2.992168007955789300e+00
-1.029031183819746897e-01 7.112357551020727087e+00
-4.882834000962973930e-01 6.145045649153050960e+00
-3.191962394197422892e+00 3.068875202769815846e+00
-1.590952858934279401e+00 5.422920918271254109e+00
1.409442849380997398e+00 6.186600833749452022e+00
-5.269278978197413643e+00 5.112821164724720369e+00
6.098782786186713878e-01 7.126205076292066565e+00
-5.475366003661864767e+00 -6.342990567748975295e+00
-3.733274708648117723e-01 7.028844860911185322e+00
3.646483912854462162e+00 -1.306969041169997681e+00
1.645622850829129069e+00 -4.059915092928432223e-01
5.533159900827517852e-01 5.492233638221044600e+00
-4.740567839870307054e+00 3.511414453564617233e+00
-3.546488164483519778e+00 -6.709353559388361532e+00
-6.398939419303866227e-01 8.054881414131063622e+00
-3.688931524962622888e+00 1.584706009870264332e+00
-6.906106315960798270e-01 5.514496410712507846e+00
1.806226289420872266e+00 8.946416992757569631e+00
-2.981142939081249943e-01 5.923382807052158583e+00
2.410670898446898747e+00 -2.567692284186523288e+00
1.219807973604962292e+00 6.529192576316937391e+00
1.706266689198153053e+00 7.859180729181547420e+00
-1.696889878338635915e+00 6.063644706830874753e+00
-3.362053172636470855e+00 -5.632059732987949374e+00
-1.593626359218656363e+00 6.369035409571791817e+00
-2.993278389250375593e-01 6.145708550905444767e+00
-3.089936738283414197e+00 -6.657670655047494890e+00
-2.556900067267744436e-01 6.243103316201337627e+00
-2.195781578920137811e+00 4.483558482106690946e+00
-1.534327820956915556e+00 4.803625867914364633e+00
1.140732506818079139e+00 7.745183898144565759e+00
-7.364640781176233775e-01 6.852958137768408342e+00
9.687301003075302619e-01 6.765085382274221182e+00
-1.059034145280722372e+00 6.487996484921668916e+00
-1.901090296250200984e+00 3.355575590834178890e+00
-1.008542627329778618e+00 5.226370949731473203e+00
-8.943166723577382626e-01 6.434448641168934557e+00
-7.106380204626241981e-02 5.930955468788310370e+00
-5.869507990694634358e+00 -6.274538970405593830e+00
5.195252918612338622e-01 6.874865900069043967e+00
-8.533365230990892503e-01 7.036886518298381077e+00
2.214552581961564126e+00 -2.801797486766425482e+00
-2.100842909075086862e-01 7.310699345016375084e+00
2.150568520572173181e+00 7.313129869894626545e+00
3.554753487850200955e+00 -2.177002428096073139e+00
-3.867471492026731905e+00 2.757747669860944661e+00
1.399555547792773247e+00 8.716800021805804377e+00
-1.437887028360841590e+00 5.273203818810050514e+00
1.563916685147986874e+00 -1.265171307239067122e+00
-7.112897345081387046e-01 7.474729097977459880e+00
-8.216275716087035885e-01 5.995903617746858316e+00
-3.471934036392633427e+00 2.918886835794883616e+00
6.332970987068501367e-01 6.287984529126163125e+00
-1.311379026042129303e-01 6.445513054286377219e+00
1.101830280473085732e+00 6.607221379950648732e+00
2.483037290452341672e+00 -2.681880460384435949e+00
-5.748305602468839481e-01 5.716444307901287658e+00
-4.381860661370553522e+00 -5.862438597961641129e+00
2.452238207114190438e-01 6.217230434067576361e+00
1.326953975487940030e+00 8.491772952973244415e+00
1.387304152291394033e+00 7.895789477544472135e+00
5.334317705215019245e-01 8.197763237395337299e+00
4.633756922776585796e+00 1.568984502812315274e+00
1.649407362392701915e-02 7.168595218029249594e+00
5.974236003416087959e-01 7.234649988964394929e+00
4.121358826239136797e-02 6.407839104965347587e+00
2.360789136883026940e-01 4.534792446346806116e+00
2.198629315596327682e-01 7.562563632319688978e+00
1.315695243717154295e-01 6.957498362195187802e+00
7.629634809895501357e-01 6.754082755548458827e+00
3.031128284407509366e-01 7.660975268159970319e+00
-7.206681907263556841e-01 6.373837831293766243e+00
-7.193335279084958622e-03 6.248962644069411709e+00
9.013684055342573442e-01 6.024444949189391885e+00
7.456035909212641588e-01 7.221393985916973790e+00
3.147909155439680973e-01 7.014283070547056909e+00
