-3.869147976157388147e+00 -7.075330262538722437e+00
-3.540372428703559393e+00 -6.158755699124107252e+00
-4.736438224718587442e+00 -5.360979440582939404e+00
-5.131398217528688743e-01 5.511559132013958973e+00
-4.895833267426423774e+00 -7.329002341932513431e+00
3.016821871847554792e+00 -1.365566559052592055e+00
-5.269884301991034192e+00 -4.491908723689798322e+00
-1.652637618866258928e-01 5.347941528301112690e+00
-2.669710408118110001e-01 6.589225912505527916e+00
3.117265083249307622e+00 -1.252417801852938606e+00
2.351776453119188481e+00 -1.900986258871944834e+00
3.023802066858364057e+00 -2.221504250180978524e+00
2.295292576958692266e+00 -1.777973065264047747e+00
3.418721668723291085e+00 -5.165080053527741910e-01
-3.753777553608210749e+00 -6.453027409981999973e+00
-9.499451980489808101e-01 5.110574400670839346e+00
-3.545508751303454886e+00 -5.095727602694291924e+00
-8.024080820347130327e-01 -2.830369105384813899e+00
-2.891352660348377457e-01 6.415554063379062200e+00
-1.526127795784432362e+00 -7.299742426968493625e+00
-5.870750749733479879e+00 -7.779174313917025962e+00
-4.099920175051807725e+00 -8.068902739319396389e+00
-1.529731906384299123e+00 3.829004342157648733e+00
-4.324715988972928749e+00 -3.461693185075238155e+00
-5.386609786316592929e-01 5.939490393256485312e+00
-5.624104224410910291e+00 4.495882179328068773e+00
-3.189264791375261976e-01 6.737179231410115321e+00
-2.640490138506488726e+00 -2.884033406217170636e+00
2.775295091991302865e+00 -1.406243401019236838e+00
4.448804553632159098e-01 6.678336981637555070e+00
-4.607682049312859185e+00 -3.504811954327731627e+00
-1.439464988900549081e+00 -4.960675483531501229e+00
-4.497300482454202886e+00 3.234357439558737557e+00
4.541231932936673488e+00 -1.726124953675345353e+00
-5.619913262827865630e+00 -5.552053823947068700e+00
-3.658066436803606991e-01 4.675219989651021812e+00
-3.589730363242309430e+00 2.745093463398407430e+00
-5.600006404874050547e-01 5.643613108852975735e+00
1.091682434460995665e+00 6.887452851694594536e+00
5.013138558598403405e-01 6.886374563637641444e+00
7.201202068434571224e-01 7.093185333578591489e+00
-2.910512671033314902e+00 2.058839963657431937e+00
-9.700389797916688650e-01 5.715304951355794749e+00
-6.196738824235759502e+00 -3.982118404978347126e+00
2.721912498557833793e+00 -1.757467831276298575e+00
-5.164934561008751146e+00 -5.873010823285207849e+00
-3.104732627243733223e+00 -6.063822860203117671e+00
-2.835501931469780246e+00 -5.729191901219487626e+00
-3.495676493749312552e+00 -3.722265797531429055e+00
-3.313645054012551050e+00 2.781425915996701637e+00
2.540328094749601640e+00 -1.051398847098662381e+00
-2.838670366221394126e+00 -5.235662529242845586e+00
-5.421761738147927723e+00 -4.176384069060140369e+00
-6.265695083883364269e+00 -6.010704704506854235e+00
-4.444283157022575814e+00 -5.234203152033119366e+00
7.726769068192794743e-01 6.751205042587942629e+00
-3.217291193354716583e+00 -4.896775930886503758e+00
1.346342880910707196e+00 -8.714499692308427248e-01
-2.015332418459569563e+00 -3.459658825868617171e+00
-6.050060893151371744e+00 -3.133162932357793196e+00
-1.890220183244386787e+00 2.248916139103122269e+00
-3.068065248889183305e+00 3.974521721698550447e+00
-4.585522711235140214e+00 -6.452833998074092747e+00
-5.777558667284493410e+00 -5.901111347883221114e+00
-4.269027084547943218e+00 -5.370377734352407728e+00
-3.127296756479552187e+00 -5.769477971706578501e+00
-7.063818181850819999e-02 6.652474066258956320e+00
-6.982182825990234321e+00 -8.101267965695946316e+00
-2.488169164630601449e-01 5.844175414425581749e+00
-1.924472301306447974e+00 2.065154531364519208e+00
-2.861877682223578745e+00 -7.829509408018537897e+00
-2.219955285588487648e+00 -6.792003392955726859e+00
2.642944764500673394e+00 -2.447912831170442338e+00
-1.905976119142742453e+00 5.760610211739225939e+00
2.702502072679719980e+00 -2.272589271896086061e-02
2.899626310237723548e+00 -1.290855831139486876e+00
-2.414651834704784950e+00 -5.528116388602160924e+00
-5.304544830797532917e+00 -7.244812991770859689e+00
-2.204200630549273843e+00 3.072939422211359073e+00
-1.847746149462019538e+00 -4.769862612214017972e+00
-1.701440501550195883e+00 1.612683223441179203e+00
2.781312280240436863e+00 -3.805930572731609507e-01
-2.391673009478652578e-01 6.028863537007120854e+00
1.293129367009319353e+00 -7.778212268045665567e-01
5.175627862312076610e-01 6.838020008105468506e+00
1.784284112347761297e+00 -1.459917847505791233e+00
-1.656881225919427880e+00 6.742011145866810828e-01
-5.457100715918580036e+00 -6.278675290452923718e+00
-2.330857072592965373e+00 -6.049497518434786336e+00
-4.118564309334284523e+00 -4.571994497593492746e+00
-5.165528116057807040e+00 -4.629554196547906564e+00
-3.860854181887563463e+00 -5.771692609056156442e+00
-3.665965374014949152e+00 -6.057109848634114613e+00
-3.393049454926772235e+00 4.877395295376615536e+00
-5.073098012911951393e+00 -7.008091386477201645e+00
-3.736419921758194818e+00 -6.735839684709809205e+00
-3.501676850261852270e+00 4.192131227851523256e+00
-9.362286794186086558e-01 7.691789642290311591e+00
-6.027175761208706462e+00 -7.542340592422784873e+00
-5.108346070699528951e+00 -2.163605455190737104e+00
