-1.085938958435112567e-01 6.478384924411372481e+00
-4.648632097001361707e+00 4.512882821774890196e+00
3.060585906936089451e+00 -3.472137465125891831e-01
-3.835181594033692409e+00 4.172547649759131616e+00
9.195880057763476945e-01 -1.139962775813297746e+00
-1.138193295648904924e-01 7.100239609469602975e+00
-1.617159381635316695e+00 5.884237262353262388e-01
-7.153477600801844138e-01 5.810457580907818276e+00
-4.077458121354659681e+00 -3.212108356252139529e+00
-4.180609957996614945e+00 -7.718973969944880054e+00
1.561417459779873340e+00 -1.778784654237616891e+00
-7.523604584678349472e-01 7.593966166924257521e+00
-3.127355742288491225e+00 2.014002829195305377e+00
-1.391089884375578567e+00 5.436338821901001594e+00
4.931635449139948335e-01 7.615517880995433586e+00
-5.664216330454218351e+00 -6.321277151019147666e+00
-2.118020701385865123e-01 5.906806066062843641e+00
1.399852416546207401e+00 -5.992062142560427018e-01
-4.190429955380946758e+00 2.982036386554423935e+00
3.147344237482530005e+00 -1.958474304152830747e+00
-2.974367485599966443e+00 2.893761195735450986e+00
-3.778848397523542069e+00 -6.966197315868804196e+00
-2.774276583460637546e+00 -4.676233310284801270e+00
-8.491919290341428450e+00 -4.178593658378542131e+00
3.970142269938147228e-01 7.036106277839312639e+00
-3.492661789472327083e+00 -4.522328107449076207e+00
1.024103417675377159e+00 -9.942752007505648582e-01
1.401565959239283732e+00 -1.854193608815285277e+00
4.478312972276449200e-01 5.724244906432193858e+00
2.590046024725163321e+00 -1.524436023587486533e+00
1.786868345512440337e+00 -9.350119243112617884e-01
-3.710899151588804123e+00 3.421090257968477211e+00
2.277008636277432885e+00 -1.720630774651769723e+00
-3.003562484597083415e+00 2.486351588972784743e+00
4.181249181106364787e+00 -1.496133197656293490e+00
2.953236252654570126e+00 -8.829564431991645534e-01
3.064734083790994212e+00 1.886033634397905612e-01
3.050305112939803553e+00 -9.601141867201419267e-01
-4.078994669204835333e+00 -2.740441865664167587e+00
-1.139676309177660940e+00 5.205096487608826372e+00
2.656264599811696936e+00 -1.989659197273226265e+00
-3.425121942456894608e-01 6.161985985742155059e+00
-3.010857509072943916e+00 2.645363927900127532e+00
1.636525467180003801e+00 -1.091380441160144210e+00
1.709400632764884520e+00 -8.899073430879028690e-01
-5.343723640616240722e+00 -4.677507804253029811e+00
-5.187775660325451454e+00 4.751419517855389962e+00
-5.282860685876296536e+00 -3.614170523756508935e+00
3.523095637862762253e+00 -2.236061064035659296e+00
-3.327891731478677340e+00 2.837392641749902467e+00
1.742216096511171486e+00 4.200608578902063073e-01
-4.242060304416669148e+00 -2.808326792162389562e+00
-1.936492922850462595e+00 -5.488254732566117511e+00
-5.084931545082047588e-01 4.906113746016588451e+00
-2.984736902997297214e+00 -8.089196168671007214e+00
2.274243298647651734e+00 -1.926562548147223275e+00
-6.485824110132485387e-01 5.711342569516052237e+00
3.892503556716264690e+00 -1.234788043911501987e+00
-1.241038777188711695e+00 5.565112262742204052e+00
7.881302010534053659e-01 6.476573902667754012e+00
3.422608309837292140e+00 -2.551648305121465121e+00
-3.022447010151816826e+00 3.384342642271877644e+00
-3.400065149859856639e+00 -5.453646025780581219e+00
1.985637957317687441e+00 -8.799078183950965748e-01
4.219000073067616374e-01 5.884070635693121609e+00
-5.358691212176058372e+00 4.762907984203008205e+00
-2.743788395595906593e+00 -6.704184626242678746e+00
3.180424546818750642e+00 -1.671299352479418854e+00
-1.014278330759376789e+00 5.882343731381345364e+00
3.993346518665301659e+00 -3.940253359508768538e-01
-6.438209002950426196e+00 4.161323977674469710e+00
2.998762887539506039e+00 -2.874626548548842031e-01
1.067158089454077974e+00 8.679081812048192290e+00
2.215238805562554703e+00 1.032185296607337488e+00
-4.072432793031723897e+00 -3.496456079240423342e+00
2.692963171375161835e+00 -9.777309589775806664e-02
-2.431574558331677682e+00 -7.063734108844514914e+00
1.395655398154184601e+00 -1.428731649332929399e+00
2.425930984191212225e+00 -8.399217337728026589e-01
1.261396541720765985e+00 -5.744202887942468916e-01
4.114255588919634166e-01 6.252913166008482904e+00
2.576585102940364358e+00 8.297723657547974696e+00
-2.558872048065033322e+00 3.459122939432182964e+00
-5.125230496162973992e+00 2.622608376397920438e+00
2.046440131918598748e+00 -1.545002292695540902e+00
2.681876760114784819e+00 2.913996378241821006e-01
-4.813761054173763654e+00 -4.531373013916248915e+00
1.862579754954959199e+00 2.384534411029910483e-01
3.188990263330040875e+00 -1.109767756587602072e+00
8.897342661025057220e-01 5.753099979819177534e+00
3.048144730814324355e+00 -2.417003150238077325e-01
-3.786680411740054097e+00 2.868845421783762450e+00
-4.796768741465781360e+00 -6.229631743924853637e+00
2.632690818122829679e+00 6.331302619644274543e-02
4.054976715100838014e+00 -1.305158488915757697e+00
-1.985594239874053368e-01 5.200975585682369839e+00
-1.670703282939132839e+00 2.732386955925846905e+00
-2.217554435673296354e+00 2.280494478985842122e+00
2.568488105788631959e+00 -1.353966309359122544e+00
1.831845847846813591e+00 -1.757392328765751799e+00
