6.614440289561318576e-01 6.982790361807110990e+00
1.862895182287354734e+00 6.506117059584829221e+00
-2.209959801006027361e-02 6.494625849943080453e+00
2.505157497457350058e+00 -6.718018849895173172e-01
-8.978551604341337145e-01 5.877076897351818374e+00
-1.159418786628734210e+00 5.463024755489259476e+00
-6.359936388259743723e-01 6.846617599832476309e+00
1.606221052328817844e-01 6.421330683576604414e+00
-2.072706097581446638e+00 4.655828792643463387e+00
-1.045950301533087545e+00 5.789793540771805525e+00
-3.685572972261507374e+00 2.131168860933046361e+00
-5.016539922264620088e+00 -6.258202204775547450e+00
2.115088879125345267e-01 6.550451813020542247e+00
-5.871015072005103530e-01 6.712304585767320475e+00
2.719916441216890135e+00 8.523479519602375376e+00
-2.520831875584067516e-01 5.854617782754364619e+00
1.926156106391969436e+00 7.040186908726802528e+00
2.377748106482657775e-01 7.256596174076300088e+00
-4.003085430612400408e+00 -5.442283784904222266e+00
2.519181393960946203e+00 -8.660610434966993232e-01
-3.593461203851980867e-01 6.313789004421173523e+00
-1.948211179077553867e-01 5.922527769513370899e+00
-9.435973663918921783e-01 6.154196595201802289e+00
-7.082968896149770544e-01 4.970017235414645462e-01
8.310633930642524758e-01 7.023457245367233703e+00
-3.998599003696391208e+00 -8.337038720522780721e+00
2.898659841994016273e-01 6.311714608465535115e+00
-3.400627511151791404e-01 5.873372439547403623e+00
1.548305483659105253e+00 7.246459760095817160e+00
3.005033267596678437e-01 7.876214531399865493e+00
-9.600637938678495686e-01 6.182886432411102362e+00
-3.197022779373461243e-01 6.242020888429069991e+00
3.394044194425705818e+00 -1.359916815521879041e+00
2.087062041821491132e+00 -1.594211518144788453e+00
-6.588214858229559656e-01 6.777051523160741553e+00
3.412126240318993364e-01 7.391739388737085470e+00
-2.242914335250798530e-01 6.283227729955300767e+00
-5.254189546050334947e+00 4.384774827355342630e+00
-4.816792552892628976e+00 -9.397986000925769190e+00
-5.440751251992803628e-01 6.455518981392313727e+00
-5.847075147549589680e-01 4.669867212737558226e+00
-7.467185876773885234e-01 5.285605464484237181e+00
3.388220937128261667e+00 -2.294268597764864914e+00
1.073056290415370095e-01 6.131368178977470329e+00
6.753336026197308550e-01 7.873063707113518106e+00
-6.359052223782543645e-02 6.478277665996996504e+00
-1.157608201012426674e-01 6.059237346523797640e+00
-7.818918202318589916e-01 5.272297455592013904e+00
-3.438105777894241433e-01 5.724712643334409989e+00
8.377985862678754003e-01 7.009023603759652055e+00
3.748163325065594353e-01 6.645123840684511229e+00
-1.470541324014566609e+00 1.329828922408315961e+00
-3.896142787048141543e+00 3.442128625461637004e+00
-3.968453012470843921e-01 6.637444721232083289e+00
9.465248912159760497e-01 6.748407237343675646e+00
-9.155569202200726509e-02 6.559700547731787346e+00
-9.767165312903187679e-01 5.862494016005149966e+00
1.285194396726611954e+00 7.045353260182291244e+00
-4.287388294820655865e+00 3.206088846637702439e+00
-1.715126529482500883e+00 6.843498700758908981e+00
-5.210005716096590689e-01 6.422119328412245309e+00
2.126528023791842414e-01 7.374751730706895714e+00
-1.521899307213228969e+00 5.585642826597245758e+00
2.166876411172561134e+00 -1.168499643640668051e+00
1.077745306631871403e+00 8.234897608530015845e+00
-5.898312423893274925e-01 8.120315162408928700e-01
3.372755698739130281e+00 -1.058228562916766036e+00
-5.259378610088398798e-01 5.662149273250220105e+00
4.749366233356400180e-02 4.420590251122674452e+00
-4.112465588488268264e-01 6.099049668424352255e+00
2.086240506830272956e+00 7.500180670269414485e+00
2.905238628432602166e+00 -8.433737674626742287e-01
9.107694223782616394e-01 5.951556032011530384e+00
2.458487301604635356e+00 -1.392828704178502797e+00
-2.275230375687577467e-01 6.111352445186745364e+00
-8.332614873763871666e-02 5.786778819644976757e+00
-2.457997841537620243e-01 6.586907608718197693e+00
-3.584781962190510818e+00 -6.868466572481508159e+00
-1.346609858541177207e+00 6.507669742252925715e+00
2.317022272752704004e-01 6.837959514130953487e+00
1.212344824060344495e+00 6.676892866921285474e+00
-4.727576189359447234e+00 3.951873345763949885e+00
2.805572823542579641e+00 -1.537871025979546058e+00
4.678858792987874438e+00 -1.892660098271343294e+00
-4.215831586801019881e+00 -5.523308813132521422e+00
1.162187745628801672e+00 6.551472608668435171e+00
1.855208086191945105e-01 7.845056282131691816e+00
1.792354377864538995e+00 8.394413945465441174e+00
-4.545289373665722721e+00 -2.866251996072733288e+00
-4.698772762631421074e+00 3.360535371417514572e+00
-3.403109021879246576e+00 2.725403730907469679e+00
4.889783252492697629e-01 6.592235516183394317e+00
1.934556233005375603e+00 -1.466850799759421564e-01
-2.577357380037191614e+00 4.353869914388544871e+00
1.388185177019534366e+00 6.900776499122406982e+00
2.496210589924250378e+00 -4.526512633967939570e-01
-9.196376415214579936e-01 7.181505582929311515e+00
5.644839543672850457e-01 7.172075322966692923e+00
4.551301152931966909e-01 5.577469775321212353e+00
2.355220801648052920e+00 7.611274389822905384e+00
