3.259098435409846672e+00 -1.377138916932164170e+00
-1.361632158147386917e+00 6.817604956590419540e+00
-1.348349641045806457e+00 4.957045024116696119e+00
2.717688514609830186e+00 -1.370963557707178371e+00
-4.501262762446279986e+00 -5.359469592457624110e+00
2.477053410001925471e+00 3.467663589383145339e-01
3.457313837239407661e+00 -9.270173910188712618e-01
-3.894687113843835924e+00 4.101439132744722826e+00
-1.645625034082994209e-01 6.897476656142533358e+00
-4.552654514984366685e+00 -4.766821386034792774e+00
2.925403845171382411e+00 -7.956697213562869964e-01
-1.101856748289124610e+00 2.436660932768182075e+00
2.734992297453263443e+00 -2.398788668135931168e+00
-2.243027011457274789e-01 1.202834703549898521e+00
2.492946725355857041e+00 -5.672218895470948485e-01
2.640053967069954766e+00 -2.694760507712237185e+00
3.178031694806977114e+00 -2.105189750333632759e+00
2.032927324808259328e+00 -1.818961161920683800e+00
2.641080832865730255e+00 -9.272753870638597018e-01
-8.605691967604613968e-01 5.355101542963155659e+00
5.770990416579268034e-01 8.019389722309961499e+00
-2.982266548018591701e-01 6.819259270895628333e+00
2.029627610567815488e+00 -9.702744552268925959e-01
1.817828614346093108e+00 -6.754782161562771226e-01
4.357179066156537939e-01 7.413868160336772206e+00
-3.024550520579683544e-01 7.103692223795298410e+00
1.924872522184168933e+00 -8.507280375541491635e-01
1.855761286518734288e+00 -8.089977036750950479e-01
-6.603144147867479496e+00 -6.101109950838223384e+00
-4.158180959842820101e+00 3.459654586412681532e+00
-3.463487387468360712e+00 -7.092063256148517958e+00
2.368324214415669982e+00 -6.683091855269880366e-01
-1.114811136997560626e+00 6.003072830459633913e+00
-3.523900209506463543e+00 -3.241649575364037084e+00
-4.646909338795006228e+00 -4.346855514321616099e+00
2.542745952545967025e+00 -1.370588684250561684e+00
-1.394050751167579261e+00 1.824417902845149042e+00
3.986844950872882265e+00 -1.807472789904355004e+00
1.236702016839397178e+00 6.183054013833894302e+00
5.040008807362931220e-01 6.331696093194883801e+00
-3.443638200532745941e+00 -4.873683423294823847e+00
2.663454872492892367e+00 -2.536564479143944340e+00
-5.852861579012664350e+00 -6.265066506409524116e+00
1.389416202987353133e+00 7.744527091966840970e+00
-2.607475917156167888e+00 9.104865607067096356e-01
-6.546405579957830234e-01 7.225274306014381587e+00
3.699027435133511510e+00 -2.249301128917038373e+00
-1.936929556945637954e-02 6.231591168125675928e+00
-3.543663716068573777e+00 2.598112046856444923e+00
2.830078732060399727e+00 -5.788863358791096481e-01
-4.730915731931057522e+00 -5.174807624145278062e+00
3.097451066279146570e+00 -1.509951362744347936e+00
2.802473852874296067e+00 -3.095640079463364280e-01
-5.581668735836740503e+00 -6.798450462379039827e+00
-3.614958591061800064e+00 -1.206174336661520741e+00
2.725339645984393044e+00 -2.220622009492437599e+00
5.554356005859710788e-01 6.773131661348380739e+00
-1.627786701923471080e+00 5.123790415210910609e+00
-4.932828496116500538e+00 4.626919935455888755e+00
-3.147693823882159236e+00 2.128489053136816356e+00
-4.684266447737126526e+00 -5.798283427903754728e+00
9.005859264037343603e-01 -1.142696883424268783e+00
-8.555291314744839504e-01 6.990598255191827093e+00
-1.485000897654282781e+00 8.466298988125577907e-01
-6.259355840260729664e-01 6.150413871121176435e+00
1.554317280553341618e+00 -1.572942445809792700e+00
-1.874805354754278897e+00 4.886118961168448571e+00
-1.395329176338150567e+00 1.532482731454431146e+00
2.020863560149043447e+00 1.575444782056842907e+00
7.452369569869191634e-01 7.494983848646276314e+00
2.044393823529755849e+00 -1.121887292139512438e+00
-4.233256452237597500e+00 -4.523046911803926484e+00
-5.324402672525065938e+00 4.207960421916864036e+00
1.734277174715288528e+00 8.366403114275239972e+00
-4.822595805349720877e+00 -6.375322295146926166e+00
2.496126670931961833e+00 3.981345843981589638e-01
-3.560262559560960494e+00 -3.445336580716759745e+00
-1.999345001650841169e+00 6.434196077694631200e+00
2.878412879587671114e+00 -6.327909887039206982e-01
-5.515165767917972417e+00 5.650322441004284713e+00
-5.001896040991587356e+00 4.942989918916747882e+00
-5.367652727209785368e+00 -3.817138976728350563e+00
-3.451858398420927454e+00 2.024281571475401442e+00
-9.831352207635069007e-01 -5.853254971500779114e+00
-3.291445733037982269e+00 2.745829199873823345e+00
-4.233586714326379230e+00 2.448813393179992026e+00
-2.407833726374998484e+00 5.690383936810385457e+00
3.595521722177665858e+00 -1.021715944533179599e+00
-5.468091304347401760e+00 4.784032833117255024e+00
-5.041111317979874329e+00 3.215905918367969019e+00
1.359537222604590756e+00 -8.860372320356466602e-01
-2.352194428894516243e+00 1.725201864822763831e+00
2.644740747282180671e+00 -6.117392041254696711e-01
5.644663444810107400e-01 6.749941777471900828e+00
2.906002306080500475e+00 -1.619820650876307333e+00
-1.092711441358784619e+00 5.454347960624868819e+00
1.995798696264629246e+00 -1.004631074894662968e+00
3.079799320263408191e+00 1.316877941511767069e-01
-6.535086450093819721e+00 6.191193766016652056e+00
2.673813347754664171e+00 -2.316474979031993620e+00
