-9.309628676148937743e-01 5.551420265956357625e+00
3.908225965481595399e-01 6.947791415331131759e+00
2.101779517328360991e-01 5.898000229389337434e+00
-2.476302676667219149e-02 5.650700873805030611e+00
-2.887177686598882076e+00 2.308219918960379591e+00
1.283076050677592672e+00 6.486299208766806323e+00
9.394696395826741542e-01 7.048697368222723192e+00
6.502913939856326264e-01 6.798355017873931594e+00
-2.249578850650224560e-02 7.823366187388811177e+00
-3.710154248599046856e+00 4.084834014705646332e+00
4.001895386666339816e-01 7.864727089894875789e+00
-4.715584458729251693e+00 -5.244102697654170697e+00
-4.110572790276674660e+00 -5.967245098987171481e+00
-6.348034394772208433e-01 4.824033007565198261e+00
5.924078808592587730e-01 6.155655135633217867e+00
-4.083158534318548583e+00 -4.305158914212150023e+00
1.790368344668843648e+00 7.815129876071660320e-01
3.445681674213075585e+00 -2.256523674945977387e+00
1.004383688318950529e+00 6.885284629994061767e+00
-1.029354543578067993e+00 5.916868407314284539e+00
-2.254116269424121022e+00 5.795902075963686784e+00
2.051144841328290003e+00 8.197829074573990127e+00
-3.647224991318494425e+00 4.203708433995740457e+00
2.033997727324100335e+00 8.595696746796956944e+00
-1.290677618456267828e+00 6.049278428253248130e+00
4.349518482745340364e-03 6.171113351298425087e+00
-6.568969248082652257e-01 5.803151387192894362e+00
2.663293227813419706e-01 6.567985854883054309e+00
-3.978455131309919235e+00 -6.589040198886507937e+00
-6.924266506339797900e-01 5.433085782136737762e+00
3.645490416758756957e+00 -1.534466457510773374e+00
-5.543977824015839495e+00 3.522843672252200964e+00
-9.212955542092295946e-01 6.041283990997095898e+00
1.735794545983546655e+00 8.402188261837535421e+00
1.888227223268615085e-01 6.342356640556062075e+00
-1.002099455970257708e-01 6.689993358156801406e+00
-1.725330442432692735e+00 4.011639486222603246e+00
1.936201190574032616e+00 -4.117080837415123540e-01
-2.264129334710009100e+00 4.056439787706890954e+00
8.936309902118357851e-01 7.386326047437302478e+00
-7.980785955216938843e-02 6.378062503409407391e+00
1.529786406948764110e+00 7.829888826616302033e+00
7.847515151393741339e-01 6.502518563604699153e+00
4.390291348285479955e-01 6.839467869027333613e+00
2.705109599758368066e+00 -8.584887437778661035e-01
-2.042840220621610747e+00 -5.639856551111522620e+00
2.968542184664880068e+00 -1.313888228853507201e+00
3.327284303453656555e+00 -1.233967699031740084e+00
-8.791450329360006588e-01 6.078403916038796595e+00
-3.180208512182963743e-02 7.004527338708965267e+00
-2.909166041829264859e+00 8.929079970367901353e-01
1.863575264596852188e+00 7.848932937997939341e+00
1.431941990815532861e+00 8.003766370559359800e+00
-1.902455213590288796e+00 -2.365584316004620824e+00
4.515733876889653775e-01 6.972584085953820399e+00
-3.435607188089723207e-01 5.936113478289687606e+00
1.624039514293964537e+00 6.591988650687008899e+00
-1.763028094596334194e-01 6.714546286548347176e+00
-7.909890636331581293e-01 5.916698176920350605e+00
1.614699297281414925e+00 8.481415031686278638e+00
9.872781897148918961e-02 6.203716090829745511e+00
-6.206841748643083384e-02 6.475459037669720530e+00
-1.234065614102877406e+00 6.260684632252460524e+00
1.751409526636931169e+00 8.626272037296445205e+00
-1.263721531388356523e-01 6.324740298443516373e+00
-5.655582211014364979e-01 -5.863834389253393731e+00
1.194229344984344632e+00 8.649362942867581339e+00
-2.024693642359274848e-01 5.499022787678293334e+00
-3.422479752982118040e+00 -3.458253800505565412e+00
-5.608009170526610632e+00 4.935723965558114656e+00
1.251846263490930422e+00 8.250121350430958955e+00
-3.194448178488017653e+00 -5.930252812291840314e+00
9.519963657353012199e-01 7.592244873474928823e+00
-3.676565901951788451e+00 1.543667501545880061e+00
-4.518621647768410021e+00 -3.780189307283648326e+00
2.473311297314506607e-02 6.291022976189673876e+00
-1.415556614008594671e+00 6.011851095374524334e+00
4.291860005528831956e-01 7.961362977210383107e+00
2.016498141391923349e-01 7.032982435098757534e+00
1.392273738929837190e+00 7.669512043222340480e+00
2.086316000482404398e+00 -6.051754603852463887e-01
-4.110825386977919882e-01 7.018517542035810131e+00
-1.784858902062058383e-01 6.592500333558962922e+00
1.141385113031283094e+00 6.183494052402984664e+00
-1.459593322614180400e+00 5.013769487509225797e+00
8.782469662678226152e-01 7.977260253608337237e+00
-3.733717823424895776e+00 -6.278482854252407819e+00
9.722592008778652151e-01 7.986452740054884814e+00
-4.610048008055275481e+00 3.989905490946886513e+00
-4.367910312501970260e+00 4.104684688923635250e+00
-7.244073407036535350e-01 6.505466545653232124e+00
2.087841303236948054e+00 -1.366265788862128794e-01
5.787798582711997097e-01 7.143068824089949587e+00
3.496061275426007309e-01 6.106294276246629238e+00
1.521218027259237493e+00 7.918187309908540250e+00
-8.230593644505124207e-03 6.183246379636780254e+00
-1.754477104014558753e-01 6.787610903309512445e+00
-6.068255457821009280e+00 -1.112125623894022475e+00
-1.916343404819565166e-01 6.277009383189676051e+00
1.654348566821203903e+00 -2.459754450574506812e+00
