-6.375176882289101066e+00 -6.624815014565504256e+00
-4.282671862117263473e+00 3.028609728752213126e+00
3.775900930623429019e+00 -1.264688548256500233e+00
-1.241528304458562548e+00 1.856334014428879353e+00
2.346620177998245627e+00 -1.490733536596342557e+00
-2.980648201352376070e+00 -6.135682372824214248e+00
-4.868283642790792065e+00 -7.070423064990939643e+00
-3.838071117948758548e+00 1.981509683050972637e+00
2.609532167106138445e+00 -1.595068376351191919e+00
1.404112398437646236e+00 -3.764315749927508170e-01
-2.752192234869287102e+00 1.689706443882047049e+00
3.745608033225728217e+00 -2.927782420589389867e-01
6.439836644857796499e-02 7.026739537714849604e+00
2.414677861071819809e+00 -1.394571509688398159e+00
-3.508859983611534616e+00 -5.342225524255794333e+00
2.314164794250721968e+00 -4.168561060918084538e-01
-5.742800288128888653e-01 5.447739261920457210e+00
2.766238573923563759e+00 -1.889995620013914523e-01
2.840208871997758955e+00 -2.280731797312038900e+00
2.349240734295945376e+00 -1.940667990350583239e+00
-1.325675286360706862e-01 7.121574333739653540e+00
-3.255077202274222703e+00 -3.981800215266535492e+00
-6.177073676662475421e+00 -5.552215204975663454e+00
-4.915572469948326528e+00 3.793903692848098252e+00
-3.811551140454353170e+00 3.472126623786514266e+00
2.691269664298879594e+00 -1.486309957025563344e+00
-2.992801701661789160e+00 1.673620518161929471e+00
2.558142319283031707e+00 -1.164667220174990137e+00
-2.337370343446286025e+00 2.163644631801482365e+00
2.773941881029462042e+00 -1.178740889755756749e+00
-7.390030145968508324e-02 6.096053767324623784e+00
3.405604106941863662e+00 -1.448784802505405089e+00
2.143139066605983523e+00 -1.204027744006371137e+00
3.569108945858235238e+00 -1.096032897676886497e+00
4.834696007779237803e-01 6.728028603698877674e+00
3.871241175816585667e+00 -1.614358873389452054e+00
2.528607778512661497e+00 5.368927802477605482e-01
2.761100071781592558e+00 1.865029023790512053e-01
1.036556266632895351e+00 -1.170529635809700597e+00
-3.155470895112921781e+00 2.741192287088780155e+00
-1.625726785309262734e-01 7.275062724139237602e+00
-1.299305856309658669e+00 -7.292655660195213940e+00
-3.526962225656633976e+00 -4.974420244974077754e+00
2.899717564089572708e+00 -1.974947063981757456e+00
1.216597745153352506e+00 -3.093081258765280062e-01
-3.929150416744684460e-01 5.945210805908130780e+00
4.637894402063283961e-01 6.771189219743122933e+00
2.405130701159926332e+00 -6.093035276562740465e-01
-3.313911305620495629e+00 -5.296840195753227398e+00
-1.110408233426147362e+00 1.932699994911490693e+00
2.089295601329715257e+00 -1.328208080953742209e+00
-2.407599744947108267e+00 -7.277331166857655020e+00
-1.034127193846823278e-01 7.265920071272097047e+00
2.826459719476934751e+00 -2.304002120818966937e+00
-6.613428365818974086e-01 5.238031135925375281e+00
-1.720045310336810740e+00 5.263662258412356465e+00
-1.572941450042239619e+00 -7.961833111655632678e+00
-6.699656772200116350e+00 -7.157035220808413811e+00
3.074358434021132513e+00 -5.991286849397001735e-01
2.908699857513934006e+00 5.132354705115904636e-02
-1.736016566450492959e+00 -6.310782955065937117e+00
-8.181758896628965605e-01 6.261630744772935131e+00
-1.072681765186064007e-01 6.848469786270457327e+00
2.411527597753434282e+00 -1.345945582862755785e+00
5.158160520968706475e-01 6.975656935461547192e+00
2.108137424922186476e+00 -4.729582866467896274e-01
2.922887324901097372e+00 -8.193337347412952276e-01
6.452105665626426401e-01 7.102989731333897439e+00
-2.680263365005039589e+00 -6.528136520656470765e+00
-5.089548748279153045e+00 -5.758687895022185366e+00
1.983162158084890825e+00 -3.892055485984980967e-01
-4.734249832446510986e+00 5.424028119833410599e+00
2.380341372822467605e-01 6.909385847447767404e+00
3.250868108999814599e+00 -1.815400919604103658e+00
2.214153911455233104e+00 -3.084203472768652921e-01
2.592532059237077302e+00 -1.437884459438933060e+00
-2.912725025380192179e+00 2.540796809741150852e+00
-3.832191404655552525e+00 -6.513554715057476407e+00
-1.324300291150731113e+00 5.464370514256112088e+00
-1.249244844526684384e+00 5.670545565498597895e+00
-4.507158112620648360e+00 -5.001637659727422580e+00
-2.902672627206769107e+00 -5.020525325298890174e+00
-4.284365743802279525e+00 3.746692431155251413e+00
3.214166522298960160e+00 -1.378883245570926563e+00
-2.995386082653457738e+00 4.771576049235186190e+00
-1.145582245887775130e+00 6.798458223580475135e+00
2.234970350073829159e+00 -1.981475557895668427e+00
-3.420750434352446412e+00 -5.348699405114031968e+00
-4.237728561286550288e+00 -5.751695628990057152e+00
2.818636868957994146e+00 -2.004619905393201229e+00
-4.210250680322857875e+00 4.171387619861762097e+00
7.356674327015907400e-01 6.298030964636268436e+00
-1.338517247958188161e+00 5.885926631932420605e+00
6.489815094622395364e-01 -1.674057361370406394e+00
-6.155575191068790586e-01 5.785490602585872999e+00
3.138330557253396602e+00 -1.709503683097150173e+00
-5.249151688824598594e+00 -5.241764614091618313e+00
-1.209520506064116319e+00 4.966747445090657465e+00
4.137191663223706017e-01 6.813390005110814052e+00
-3.788784022182646094e+00 -4.789767607500306390e+00
