3.280794641555824676e+00 -2.323955098292332710e+00
2.306677469895023425e+00 -8.730784559470056161e-01
3.300282500236533689e+00 3.154524790398625100e-01
1.040736358335706546e+00 -1.462966810397495099e+00
-3.432249513432687582e+00 -6.732024106512979778e+00
-4.780819354475533967e-01 7.096595978359269807e+00
2.480739943786969270e+00 -8.851892305995734400e-02
-2.003016255199684181e+00 5.869766846260001003e+00
-2.077190420727195619e+00 -5.504231427570696056e+00
2.447107819237436921e+00 -1.337998973460347907e+00
2.172776518898171805e+00 -5.562996056437876646e-01
3.705440583159554713e+00 -1.314461116634754845e+00
1.538078919924847465e+00 4.445128076669238038e-01
-2.694750883781393824e+00 8.507443715737683654e-01
-6.875250863531634948e+00 -4.790585341693136101e+00
1.589340833427987043e+00 -8.966702606076990545e-01
-5.128611524814342459e+00 3.835704104435686546e+00
-3.662577926403439488e+00 -5.992451660083709442e+00
6.346413581141585603e-01 6.756017658482758925e+00
1.794787847117817359e+00 7.335369480971953848e+00
2.289887776386566820e+00 -2.004583616921823186e+00
1.873200588810818967e+00 -9.139847746676559304e-01
2.113400925437194822e+00 -9.908961704964827089e-01
2.028949440372925128e+00 -1.132922508486361668e+00
1.934672671042298120e+00 -1.467590013678586880e+00
-9.669023208403260128e-01 5.835839241321652437e+00
-1.470254728838831459e+00 4.979321487372889266e+00
-1.059745969895105056e+00 5.759602960391628557e+00
1.796504823519756489e+00 -1.220487946735262508e+00
-8.182665655304278696e-01 5.695768890910871463e+00
-3.616376325883432941e+00 4.025876830217422153e+00
-2.914174410492188283e+00 2.471973709235136152e+00
-2.606768104301931732e+00 9.871392406518140206e-01
-2.767099979186270264e+00 3.958162060280169925e+00
-1.265855376032356983e+00 4.426242412339119525e+00
-6.430411153633842858e+00 -3.840712790723431969e+00
2.585029236262874619e+00 8.773764860645305586e-01
1.874812272830512550e+00 -5.217120977037850160e-01
2.220249356332378632e+00 -5.938909455564753692e-01
-3.763068797933986520e+00 2.426902911574369881e+00
-5.185435655091826135e+00 3.195190333307918795e+00
1.995614736303750192e-01 -5.988664486877542714e+00
-2.755640567346543612e+00 -7.439550225323239729e+00
1.402434958838454371e-01 7.267920416958026486e+00
-3.832201875057737794e+00 -6.221709954581228885e+00
-5.843342795402334033e+00 -4.167408835641394305e+00
2.303718534233318849e+00 9.127550073568317046e+00
1.389413201064109815e+00 -3.060162101415412561e+00
2.777293755023384492e+00 -1.797479554779604527e+00
-4.668872935989915263e+00 3.815363707971792806e+00
-4.409146064314478863e+00 3.246165832546906937e+00
-1.612374779460975960e+00 5.485799905812834609e+00
1.754679793889071693e+00 5.438472915717387224e-01
2.501882611592657568e+00 -2.202120290807831449e+00
-3.625260861860091666e+00 -6.883420815654080371e+00
-2.749767346973959636e+00 1.138014400151269978e+00
-4.492959982521259832e+00 -5.960303494548271352e+00
-2.647551950251762598e+00 3.526777754858861691e+00
-6.086872168273358419e+00 7.085615341318593607e+00
1.213236607641706710e+00 6.344277374966852179e+00
2.563318573317079796e+00 -1.134130455212523758e+00
-2.701907554216569807e+00 2.018429029948485720e+00
2.958864502970828259e+00 -1.342284962238315060e+00
-1.286544159460491610e+00 6.530580739629949782e-01
2.764777259567073653e+00 -7.987573914730137226e-01
3.175191130686316310e+00 -7.256187697064511166e-01
2.679902691765222222e+00 -1.125519903326679394e-01
6.155154400709714757e-01 7.846771250476018977e+00
-9.737410219649012433e+00 -4.912280629218979122e+00
-3.754037855515859778e+00 2.913924804712339611e+00
-3.113314908502299971e+00 -2.878146985955261083e+00
3.191297065102085995e+00 -2.205170532777374959e+00
8.287246123508202889e-01 -1.003769873101692633e+00
-8.837641239783016189e-01 5.573828110494028820e+00
-6.030769597169930663e+00 -6.367732632358204192e+00
-4.500305250650304956e+00 3.180007340232771984e+00
-3.247401642358318963e+00 -8.038121099612208553e+00
-3.502464481682276531e+00 -5.748443174939718681e+00
-1.488959684552863649e+00 -6.041934950212843880e+00
-7.488473512062667758e-01 5.249968096220568370e+00
-1.052581746740389734e+00 6.721274419469515315e+00
2.829817817328855956e+00 -5.700826024985454765e-01
3.788565372427664890e+00 -4.508392967057321954e-01
-1.013594231222288533e+00 6.101748445356385275e+00
-1.430125521756212104e+00 6.629992512002164773e+00
3.124933812945796419e+00 -1.700545461776440170e+00
3.558280970888054728e+00 -1.199063584744981315e+00
1.151417559625958598e+00 -9.060200096096242550e-01
2.302861196947770583e+00 -5.318103914313618841e-01
-2.583399682719522250e+00 3.946500365017741707e+00
-3.727462092542343619e+00 -4.632901351606543372e+00
-2.508061661137070963e+00 1.271367020403186165e+00
-2.542021279941871548e+00 -4.274930480784845166e+00
2.299262082575071808e+00 -2.420964019208025064e+00
-5.510523055704669160e-02 6.931903792609628745e+00
2.323216434678132825e-01 6.518695232611897872e+00
8.917734791561748864e-01 7.965791820365740072e+00
2.895556354449431602e+00 -3.908870660031144029e-01
2.153834932130348712e+00 -9.509208642680381240e-01
1.914073151331239675e+00 8.679657776773922251e+00
