-3.679956110727244489e+00 3.964836844304141739e+00
-3.776035752145724622e+00 2.989201883872117271e+00
-5.012835989645377133e+00 7.405098947285600808e+00
-3.786026732590993760e+00 2.714362224682532965e+00
1.131670451219121576e+00 -1.350448586695483844e+00
-3.786605677510876955e+00 2.381477984041848295e+00
-4.565849955469666099e+00 -5.428552794665656656e+00
-5.610097188125902079e+00 3.346433220117798868e+00
-2.738174914471607213e-01 5.893968309090718449e+00
-2.832354768559541824e+00 3.520162827971838659e+00
-2.635752910056699871e+00 3.332390886707655042e+00
-2.370591414991000789e+00 2.218121962943761627e+00
-4.003309570259060202e+00 2.138989831700071065e+00
-3.943266804634401712e+00 3.280626955183236770e+00
-4.796557232323729991e+00 3.973184316466159771e+00
-2.240858870152808713e+00 1.792975904482960292e+00
1.477318761564736960e+00 -1.335721914714556702e+00
-1.209386784815440929e+00 -5.951742781140112015e+00
-7.462673609122609797e+00 5.730935096459585765e+00
-3.280225348133734009e+00 4.053317173004089113e+00
-4.041778757734205030e+00 3.878560188971359679e+00
2.124718621254296558e+00 -2.391212003339924230e-01
-4.175550027182687529e+00 5.108923708034159183e+00
-3.030318385011300464e+00 5.448698999367906914e-01
-3.201571249414380205e+00 3.373868967079409753e+00
-2.196949340976426246e+00 1.240528693416383277e+00
-6.882339494665089319e+00 6.055174417290450251e+00
-5.871326695749161217e+00 5.705285022936283923e+00
-4.586979726513938260e+00 2.825456777562188382e+00
-4.417007954744549103e+00 4.997945801272764221e+00
-2.024442834033863825e+00 6.064021909557499868e-01
-3.338218948574438905e+00 3.789149058274902337e+00
-2.169011077336789661e+00 2.095684325015175098e+00
-1.514531230088580038e+00 -4.927601154515226511e+00
-3.654267653301796592e+00 3.876964661756254316e+00
-3.491736316400761098e+00 2.842056297545352717e+00
-6.290301277531117563e+00 -7.076615976571227762e+00
-2.734283376678864563e+00 2.049311901523084511e+00
-4.656673188120513451e+00 3.435032383977943748e+00
-2.108943933251035130e+00 2.047289276938548674e+00
2.204865974731379907e+00 -1.706621339985203933e+00
-4.394860153958708437e+00 3.285594672991122955e+00
-6.271802169541242478e+00 3.920488551997514115e+00
-5.531394050970249054e+00 3.426986295658173809e+00
-4.135000138732946695e+00 3.333149858390692000e+00
-2.277065986145649479e+00 2.821650991679971465e+00
-2.096649816922957044e+00 1.809748099931552057e+00
-2.038373416515682379e+00 1.407789101973585311e+00
-4.085531234624204089e+00 2.839241731982139694e+00
3.403331637293068646e+00 2.431922341140027033e-01
-1.771119884617049500e+00 2.281056243633760250e+00
-3.467627746637139907e+00 -6.338058444478733122e+00
-4.721284570910933454e+00 5.262146722657802478e+00
-3.558924853347936512e+00 2.805612967136394520e+00
-3.284884861083078533e+00 3.692662978562149867e+00
-3.200561450787358098e+00 2.782252321993753608e+00
-1.674999902525148521e+00 -7.533455034918465465e+00
-2.143643291022506947e+00 2.534041331121495322e+00
-7.801416704463339791e-01 2.391550720165591670e-02
-2.158430825180556845e+00 2.551253434119896912e+00
-4.390027602059943135e+00 -6.870680425870615338e+00
-4.966146883495007103e+00 -5.606718390129374896e+00
-4.824909608389392979e+00 5.493950813779374442e+00
-3.766548612986025280e+00 3.143125980176565637e+00
-2.950402310613242207e+00 5.915739631548792232e+00
-9.405668039052286211e-01 5.971279146704949525e+00
-4.337013126762094828e+00 3.312824178112010465e+00
-2.488097590943393111e+00 2.608089462296022898e+00
-3.026370561185889763e+00 1.999240227554509364e+00
-2.618502787391088216e-01 6.267860917701232992e+00
-4.368043774890106867e+00 4.470831415910501150e+00
-3.589266208060732932e+00 1.666687107607271123e+00
-3.397662284228393226e+00 3.292237377550976341e+00
3.583935912419159209e+00 -8.333983542048020166e-01
-2.957320078901990890e+00 3.578588567470104564e+00
3.312717185547986887e+00 -1.288238677600074933e+00
-3.649263810975060363e+00 4.501417397248706820e+00
-3.259970823525288885e+00 -6.605454211657337815e+00
3.022506938841039492e+00 -7.376170475022969519e-01
-3.155105676512251378e+00 3.052393534151666810e+00
-1.937958786432606884e+00 2.620838021390083927e+00
-4.438847207860083799e-01 3.811895759947381279e-02
9.514980706819093914e-01 -1.130234911182151025e+00
3.236592708145892505e+00 -1.184746925667310435e-01
-3.040268737072982397e+00 3.275513800761335581e+00
3.121206624827422171e+00 -1.233022289983685127e+00
-5.053425128488271412e+00 3.684881506479213531e+00
2.765547634557838919e+00 -1.335003166932253515e+00
2.585556551297507166e+00 -1.083408673173342107e+00
-2.521922555739319449e+00 3.769444185996252195e+00
8.718734332725609493e-01 7.422194171359025816e+00
-2.602444008239030993e+00 3.869245643844852367e+00
-1.710700422206887561e+00 1.649393844768313411e+00
-2.151481263834123858e+00 2.168356985602854170e+00
2.253366589939234388e-01 6.586876873711015712e+00
-5.678105354645124336e+00 5.423745233865915338e+00
-2.702360949647401256e+00 2.823450480827240483e+00
-2.710088288655948752e+00 3.632739609475274634e+00
-2.010150938560140155e+00 1.250496730383595434e+00
-5.227789490269029393e+00 5.598107623809472244e+00
