1.874427069734907914e+00 7.141952024508846364e-03
3.083025217009279562e+00 -2.915991123044179290e-01
-1.923495471057243389e+00 4.992885202693448932e+00
-2.621716237272809114e+00 1.151099314230570103e+00
2.750225815960589237e+00 -1.500460866445339381e+00
-1.755859557002156901e+00 5.135679028206244112e+00
-6.300705961009924749e+00 5.290274710300620242e+00
-3.505206747188233329e+00 3.541988065628111748e+00
2.249958726228820094e+00 4.460177930645459199e-03
-2.938191761960297299e+00 -5.532866854218288388e+00
2.194065281881722562e+00 -1.344770123886352975e+00
2.030922471263812756e+00 -1.357496852042637592e+00
-5.041541251142556135e+00 -6.609643837729485938e+00
2.890952472966586750e+00 -1.086369554506918744e+00
2.182251826989909382e+00 -1.149060005084112213e+00
3.100386029802431942e+00 -1.611521623192650132e+00
2.146212678135309027e+00 -1.569151208369592876e+00
2.825325797566111241e+00 -6.132226191314134045e-01
-1.560564566541153608e+00 5.039348762308251573e+00
1.152719852613591778e+00 6.381125540382229566e+00
9.240852888266933851e-01 7.129199999957843481e+00
-1.019690072037843454e+00 6.514473428885064976e+00
2.439642846413964339e+00 -1.203570658746059951e+00
-2.509146646228248123e+00 -4.515594008564667305e+00
-4.442113589812198171e+00 -1.880586498383310712e+00
4.056839602036703241e+00 -2.188946043840420685e-01
1.785611108374889788e+00 -8.842998480215845669e-01
-1.086807952721791093e-02 5.262224524758995159e+00
1.576264075219615091e+00 -9.059055303146931193e-01
-1.330661373688928784e+00 -5.545858666554937422e+00
3.336677929875196735e+00 -8.306711087456131182e-02
1.244884019937859465e+00 7.225670033036466933e+00
-1.962642011647700024e-02 6.858573354021186397e+00
-1.909184030605173943e+00 6.465165170888944601e+00
1.783236567140927598e+00 -1.870842452873419548e+00
5.657172365349878440e-01 5.810259613929368072e+00
3.406204178983436304e+00 -8.486852101575746987e-01
-9.472553279294522177e-01 4.575861768615115288e+00
-1.916655491450091953e+00 2.568836355215881717e+00
-2.541721833024287225e+00 2.018131641993623937e+00
3.237179115979806010e+00 -1.791383513586211063e-01
-3.762307011244828026e+00 4.667662113900820309e+00
-4.063286333825003815e+00 -3.029098649418211053e+00
2.030099946760620888e+00 5.989461718297639514e-02
-3.537527467410042092e+00 -3.441320158942633434e+00
-5.691871237415242923e+00 4.254458769101317372e+00
-2.439120530964910216e+00 -4.733146482116339371e+00
-6.598490998124912466e+00 -6.060118244275482624e+00
2.321516433349605890e+00 -1.075550111576517143e+00
-6.967393567744757377e-01 6.839683259856025543e+00
1.122349141088996305e+00 7.028376409613437126e-01
-6.158281247270176451e+00 -4.298048472554459210e+00
3.278247992161227309e+00 -1.033831147243569726e+00
-3.812764222026345795e+00 3.522460081741847659e+00
2.008669995043084189e+00 -1.031983597524193996e+00
1.364651593685084707e+00 -7.572384539242963397e-01
-5.270715381115439691e+00 -6.071529419214734880e+00
-4.219826143122077156e+00 2.457393654518067905e+00
3.406539527080060026e+00 -1.428741620713437355e+00
1.881921152270004782e+00 -1.226900361805208783e+00
-3.001747438542289981e+00 1.641549186709421848e+00
5.970508715266630295e-01 6.137493809658917776e+00
-4.067093406830587732e+00 -6.903585602511093100e+00
3.644445452463970891e+00 -2.058726866579104531e+00
3.296800912668327310e+00 -1.937807434795752126e+00
-4.007015515298181896e+00 5.686870051944429960e+00
2.496538797132954457e+00 -1.110485951227330403e+00
-4.302987932887241129e+00 -7.673238833004653259e+00
-1.300527408017383701e-01 6.917619270538538423e+00
-5.371952270750371738e+00 4.400124246950483098e+00
2.734940757189003424e+00 -2.025906266985559867e+00
-4.063984214603428846e-01 6.974857452595268015e+00
2.871344816419699075e+00 -1.368612508434918107e+00
1.535468653015355178e+00 6.334814398855539430e+00
-1.088277761662143073e-01 6.397052887562885815e+00
-4.211198511749284279e+00 7.789758465580307600e-01
-3.967273076779239460e+00 -5.986360042547274496e+00
-4.760332573812465107e+00 1.898209044001335499e+00
1.168945258288826006e+00 7.238214373236523613e+00
-4.099844271330756129e+00 -5.451505028847615897e+00
-3.556767583066454463e+00 4.693014579967205613e+00
2.451212014392092353e+00 -3.299866618728780621e-01
-5.965250227479428347e-01 3.127315144755060672e-02
-4.995323647772878850e+00 3.463912119736851647e+00
-1.625213628079135164e-01 7.645871107335334038e+00
-3.352634075623273091e+00 2.638684650820582345e+00
2.881289442864359174e+00 -1.772141802217701123e+00
-5.244886213531084529e+00 3.924231657847801813e+00
-1.898646687476174044e+00 -5.352850084623035798e+00
-5.217497329832624153e+00 2.939020427826151582e+00
2.246782694625825805e+00 -2.437746073255736334e+00
5.711964160426480364e-01 6.752941168401122241e+00
-4.837969312391091847e+00 -4.797073568753999595e+00
-4.511096546364103510e+00 4.326887174914181067e+00
-4.157005596887552556e+00 3.807149617310360945e+00
2.865313968939801281e+00 2.076615663381309318e-01
1.170367541478268159e+00 -1.795360558207997226e+00
-1.242727766444976290e+00 -6.976124032687335053e+00
-2.724456279066703068e+00 -3.252760256734072986e+00
-2.613974287061253676e+00 9.914186223928189712e-01
