-3.181750217426016381e+00 -7.538609582093473094e+00
-1.430049356386372095e+00 5.309150062330109776e+00
2.917553119246982796e+00 -7.301950599982363066e-01
3.142741290038582047e+00 5.577106823806436964e-01
-5.288275597635843539e+00 5.471746217307288163e+00
-4.141043057598686516e+00 -7.803435740947353594e+00
-9.268587259764738961e-01 6.166011715201213050e+00
-3.595241628017408431e+00 -6.213442448094349757e+00
2.649255860636786863e+00 -9.344647532803004308e-01
-4.230647731481959717e+00 -5.960736520045537112e+00
1.428127930977451276e+00 -9.968549566367027603e-01
-5.055050933392998047e+00 2.341921228759871632e+00
1.722297888426794543e+00 -7.959156269459710664e-01
-5.264448710794394914e-01 5.797963102144543690e+00
-4.065243550895166535e+00 -6.995176049127053375e+00
-1.015809879655327208e+00 5.462607379163360477e+00
-4.619213699586686595e+00 -3.502742918947694406e+00
-5.383788151317466131e+00 -4.115013855069896920e+00
-3.696630245633882872e+00 2.989625945626125159e+00
-4.477806269466176659e+00 -8.308136300205005043e+00
5.406341818511388730e-01 7.375279734747585358e+00
-2.994086093467615672e+00 -4.407403513418987728e+00
-4.732307535882526395e+00 -5.100904595678281694e+00
-1.026771532932408304e+00 6.541672285328930414e+00
-1.334883290309316184e+00 5.135950240079058204e+00
-2.742852152845326241e+00 -2.703926815619697166e-01
-5.704732279776360215e+00 -5.686264627661473448e+00
-7.094249141902796152e-02 6.611277050964327273e+00
-4.302519881541604363e+00 -7.093946693216677701e+00
-7.015720010379348892e+00 -6.803383745187907117e+00
-7.972834016238272703e-01 4.697051062514013609e+00
-5.260456750268349246e+00 -7.017295403391162090e+00
-2.364633079337687072e+00 -4.970517900713281811e+00
-9.099686550818355535e-01 7.099673787770625744e+00
-4.020805833423373166e+00 2.523328832355925755e+00
-4.914182320220616518e+00 -3.906381309582313666e+00
3.626479431083167171e+00 -2.825892139100970812e+00
-2.099438241668332594e+00 -3.722877844818532456e+00
-4.223845630508739291e+00 -3.199518664964399406e+00
2.817229509862638981e+00 -2.021617556484556211e-02
2.113245013290252494e+00 4.607872047479188993e-02
-9.146592196926150997e-01 -5.229370428738645771e+00
-5.219053979092446838e+00 4.636428527385640486e+00
-1.843608462588391728e+00 -3.703845981782829533e+00
-3.498310395943889262e+00 -7.193056792434808777e+00
-2.123687508084624476e+00 -6.797837083410140480e+00
-6.186485946653402124e+00 -5.725080721085359592e+00
-4.002482291159214611e+00 -5.938987050524868749e+00
-5.128649653453074109e+00 -6.291354835747601904e+00
-3.533338345363369104e+00 -6.331557099339270245e+00
-3.226325770862312758e+00 -5.250160157265972849e+00
-2.388346646921559291e+00 -6.713335401917062129e+00
3.217829774715581514e+00 -9.888501273913200551e-01
-4.215524512389193568e+00 -4.685670274221095610e+00
-3.209349996134243543e+00 -5.380679987486546523e+00
-5.005161165196532203e+00 -5.280551524564950583e+00
-1.050680999798208282e+00 6.106188516937138822e+00
-4.175718934400292071e+00 4.523163663368465315e+00
-4.474106666552168932e+00 -5.618608888791067457e+00
-9.100748862216985202e-01 1.276244922647571389e+00
-5.338269727476234294e+00 -5.077414120888829707e+00
-4.109366129980037030e+00 -5.830083082628769731e+00
2.944468840189403469e+00 -1.238871731206911964e+00
1.141763865434933134e+00 6.544499556706863785e+00
-4.431041495382536333e+00 -3.800253965704837977e+00
-3.055545324911594918e+00 2.595766731384777870e+00
-2.585638639643146330e-01 5.543164769332412867e+00
1.594160403644084845e+00 -1.359359017303517270e+00
-5.407868454643414147e+00 -3.650849864418936885e+00
6.549846456543039208e-01 6.747797558324919898e+00
-3.136892685131019043e+00 -6.804611833506466922e+00
-5.407713313143393208e+00 -5.807527309686761008e+00
-1.137420292466240657e+00 -6.479838483043202757e+00
-6.455199878250086343e+00 -6.746759206498047057e+00
5.484344002997951772e-01 7.805003217862757303e+00
3.820177087248612491e+00 -1.076565368916506893e+00
-4.727500492796438358e+00 -6.864698024164591850e+00
4.278294981050288825e+00 -7.538539601233198439e-01
-2.510974982064238858e+00 -5.826237182507114198e+00
-5.311154424114926442e+00 -7.219312234757126134e+00
-8.491207063990044990e-01 6.885849978936020577e+00
-3.579370630139294018e+00 -8.023375275041411570e+00
-3.223422802428001610e+00 2.788924603887112941e+00
2.473489104116796344e+00 -1.030749996092468646e+00
-3.910852942453157954e+00 -5.016771519720778727e+00
3.682269856601489977e+00 -1.175430831719748159e+00
-8.295144946529846575e-01 7.019683609930271295e+00
-2.719466526856609612e+00 -4.507071754693358301e+00
-7.192223822150618062e+00 -4.149754929950667304e+00
-4.792941607906485046e+00 -6.342043000859653112e+00
-4.543368084656505879e+00 -3.648985555164260930e+00
-6.241682708809204172e+00 -8.807092812629292666e+00
-2.522487548981096062e-01 6.873611265639072876e+00
-3.971252379396023269e+00 -5.454163848690021688e+00
-2.506255375116730466e+00 -4.821976062189069268e+00
-3.873718610071108515e+00 -5.460963042678001145e+00
-3.682996737943541543e+00 -6.116338858183267391e+00
-4.027484713620390622e+00 3.103904656335704448e+00
-3.206289162105442792e+00 -5.862463791648819367e+00
-1.617118745135687208e-01 6.229163978050952011e+00
