-1.518560355701390918e+00 9.296878799147938466e-01
-2.544701422867849949e+00 3.070937007820168319e+00
-2.786838119171694217e+00 2.385907635576127284e+00
-3.367951989827875359e+00 4.565980375887225939e+00
-4.964957267223137016e+00 3.417194889326097051e+00
-1.611383594181428514e+00 1.270985993610600051e+00
-5.194840916652368357e+00 4.519218510757292862e+00
-5.815893904776252121e+00 4.014327815039166580e+00
-4.784061990309048440e+00 5.104658240183868045e+00
-5.002225294546812862e+00 3.333328576679296606e+00
-3.806484092065398617e-02 7.045459945265613477e+00
1.663762953536099154e+00 -1.658741599116235310e+00
-3.478488157858175001e+00 1.992288100491809821e+00
-3.493048070735488952e+00 3.969612379566404226e+00
-5.108907635035931705e+00 4.218110693855422255e+00
-2.865802833551516215e+00 2.674976450170660325e+00
-2.538314753287358450e+00 -4.923491217512274254e+00
-4.074774921353358614e+00 -6.067563203700002461e+00
-2.457427731003274829e+00 1.987044205083379644e+00
-3.144378520112616648e+00 2.893942714144713602e+00
-4.701593376288670356e+00 3.227370549935707267e+00
-5.580732879366052224e+00 3.286085809495911558e+00
-3.178763600671602685e+00 2.382470490749804881e+00
8.068998139839080874e-01 7.589497850957016567e+00
-4.568632170180983110e+00 4.520783882220545280e+00
-4.412886107577533856e+00 4.004375575893240224e+00
-2.955104545120565973e+00 2.455527647099746247e+00
-4.769440607865536030e-01 -5.607708364425079139e-01
-4.561265459726298488e+00 -5.411150379166149271e+00
-4.582642730205492398e+00 2.312031430503704410e+00
-3.507268588710835466e+00 -6.518188844751181321e+00
-2.625758698055706830e+00 1.254794680447698152e+00
-3.368966868906999146e+00 2.093798364389503952e+00
-6.002108291310902288e+00 6.414216093667426399e+00
-4.215261212222349840e+00 3.676951208370215163e+00
-4.234681408912345901e+00 -6.486320101263081561e+00
-3.398568479539911813e+00 1.642130474420606223e+00
-5.507743631214340851e+00 4.248138089754686320e+00
-6.342209634795686668e+00 -3.829842364384393960e+00
-4.325352453141740661e+00 2.674816548526459226e+00
-2.996181562427501888e+00 1.293601020135617619e+00
-5.764376688871657883e+00 4.717830775228913254e+00
-9.503024302227083275e-01 1.476284599103359518e+00
-7.946979256774615585e-01 5.578639597110171877e+00
-3.284089942436517084e+00 2.141323475284128364e+00
-3.823236788510103956e+00 2.678821767746328852e+00
-8.078907839237259303e-01 2.249444269542685504e+00
-4.597657642219601826e+00 4.694423169131151319e+00
-1.971189992920702627e+00 2.624524492861754155e+00
-3.582564096775000984e+00 2.924631268455660571e+00
1.901601905268088366e+00 3.049418131812151600e-01
-5.469295554171949902e+00 5.680925037426163726e+00
-3.194521985797638131e+00 2.792819891436857382e+00
2.895100676238754112e+00 -8.267857318998258487e-01
-2.716617635463125069e+00 2.451551487202270341e+00
2.093938304333881062e-02 6.648678530092895222e+00
5.932895605068659872e-01 7.413499128433258534e+00
-3.102798967595815860e+00 -6.450654387611503893e+00
1.036423212883980316e+00 7.206932311433044802e+00
-3.448346694277812485e+00 3.643255492475828028e+00
1.934728194243626298e+00 1.011955804818909233e+00
-3.598883496583987984e+00 3.000192616778893040e+00
-3.757451126897236371e+00 1.872561632926015296e+00
-3.896185749305220103e+00 3.549257000285695796e+00
-4.654062913025749815e+00 -7.689929487263476027e+00
-3.321194476518719352e+00 1.907975309329008162e+00
-4.679638843132646997e+00 4.562250803389233944e+00
-3.537140315316366745e+00 2.953120635290260587e+00
-3.314597328973509338e+00 4.127984636918116124e+00
-1.253386129138436278e+00 7.119561543512840096e-01
3.738864315936918814e+00 -7.545824357384594006e-01
-4.359276421418797121e+00 5.008072780468300067e+00
-1.534089727817175008e+00 8.457507704749822608e-02
-5.048833488900612565e+00 4.277273703771440339e+00
-5.196159226977863810e+00 5.091466225617507391e+00
-1.826846185106338227e+00 2.368117638403204772e+00
-2.843765571092084166e+00 4.095530955643150506e+00
1.937553293610627669e+00 -4.129447128242149656e-01
-3.022393986791122700e+00 1.739892126701715558e+00
-5.111100382953258858e+00 4.883352721818441822e+00
-3.361224149394367533e+00 3.563682524048969569e+00
2.688735071188566028e+00 -2.667013704105083427e-01
-4.931903220492334761e+00 3.600465641668429306e+00
-2.496599516986766965e+00 2.601829400052444452e+00
-2.883166793666306127e+00 2.153147844083582285e+00
-5.438140571854027883e+00 3.830222073977174624e+00
-2.783761864647808171e+00 2.861921446756382270e+00
-3.478550821072958765e+00 2.213617239229202838e+00
-4.596006031137503278e+00 -5.199906420357274683e+00
-3.071856794996803863e+00 1.665180068843627792e+00
-3.678257971381954317e+00 3.893117750714869985e+00
-2.949780303340326260e+00 1.244760637170460482e+00
-3.197414491026301597e+00 2.896581680335027720e+00
-2.289577841510882728e+00 6.962820874358892631e-01
-1.718063846582615462e+00 9.031870734262006373e-01
-3.632065551247552371e+00 1.707433855958387703e+00
-9.788012890095623142e-01 5.894541455083688319e+00
-6.084717605639220928e+00 2.804037747099521916e+00
-3.747312157018834800e+00 3.637404369626485945e+00
-5.887721036033302546e+00 5.392944801631891494e+00
