-4.841374579214269502e+00 3.244113674634015343e+00
-1.553472337035099571e+00 6.008311529478241653e+00
-2.086326246483055424e+00 1.729263231701810399e+00
2.153465647463455923e+00 -2.179752197300345529e+00
-3.772541865962271146e+00 1.714332698294599000e+00
-3.157271279969374511e+00 1.567243388306232443e+00
-2.380029656776526892e+00 2.352192404601591402e+00
2.927557585075367008e+00 -1.084478783719215578e+00
-5.083750646689212616e+00 4.614608957347116736e+00
3.438613503219209111e+00 -5.926730959645122310e-01
-9.778107435034055772e-01 4.996577483237630624e+00
-3.737183433191961335e+00 3.306900502795357522e+00
-1.088373924979654905e+00 5.862398379614191413e+00
-4.615332245573750214e+00 2.712551019588506307e+00
-4.147637147336290298e+00 3.107574745304955588e+00
-6.429875995250999843e+00 5.600575403147820097e+00
-4.880813045519698079e+00 2.762668384705033731e+00
-3.750731388768182573e+00 2.874912592779972353e+00
-3.388389521339218113e+00 2.114201133108455810e+00
9.383916525190247881e-01 -1.578921485849539952e+00
-3.157990839177475362e+00 2.993465891345303831e+00
-4.302089389541485787e+00 4.377317669543762335e+00
-4.012328285890883528e+00 2.668421999115333954e+00
-2.182644107693449520e+00 3.646732635553795454e-01
-4.779751890698777039e+00 4.343677699190886088e+00
-4.659646482596410344e+00 3.596422071498280637e+00
-5.111375268940770766e+00 1.447594598357717421e+00
-1.938146665021358572e+00 7.612402042759054410e-01
-2.090304874977949812e+00 2.030501611834582221e+00
2.327662205541169538e+00 2.220759218495436116e-01
-5.497341713609026570e+00 2.958286942122601459e+00
-4.678740874310101105e+00 3.714607830297496527e+00
2.375674258216069035e+00 -1.152274335867398358e+00
-3.138987751806375570e+00 -5.033348476481347866e+00
-2.950353879305401161e+00 3.348386286622595964e+00
-2.485212918119244829e+00 1.530927861522783928e+00
-5.161897132672261357e+00 -7.802061902475578847e+00
-3.307844382842221265e+00 1.246010596861840902e+00
-3.161330770909908772e+00 4.676248084280093309e+00
-7.661196162368932860e-02 7.054676702516837317e+00
-2.139979611927337544e+00 2.094313331373490072e+00
-1.663597588296194418e+00 2.151158413964455729e+00
-2.622513566638631666e+00 1.480800139372121960e+00
-2.475949369676632372e+00 2.999104733954073509e+00
-3.704995778527760741e+00 3.000776741486039345e+00
-2.441580114262685175e+00 1.823800714244359522e+00
1.927832449879965715e+00 -9.053346700340434428e-01
-4.913646804021158054e+00 -9.022741089788691937e+00
2.528552773652030794e+00 -1.053056224329792068e+00
-4.926812474148347221e+00 -6.782370325793127819e-01
-3.822474293390458744e+00 4.751866882977723527e+00
-3.714262636114527893e+00 2.718934991468943352e+00
-4.052945476320357621e+00 2.575079338897785508e+00
6.157228267153118662e-01 7.954189796098676268e+00
-3.664147253151679884e+00 4.705483858436572575e+00
2.624154246591539952e+00 2.361848118693266052e-01
-2.975972785374394025e+00 2.506763412572674099e+00
-5.916843919044303846e+00 4.254925882343894017e+00
-2.500873687998823591e-01 6.555898783369038973e+00
-5.221621825792569282e+00 -5.872024981147346168e+00
-2.976840108904720950e+00 3.128716001282435322e+00
2.343483627392559221e+00 -1.286401091186083701e+00
2.057108487951544884e+00 -1.716267616059643508e+00
9.879545009940546851e-01 5.737717181323292337e+00
-6.648492653226542259e+00 -5.304526381178022554e+00
-4.549878686686581908e+00 3.399498711397623385e+00
-3.602213098113970169e+00 2.286991636992579124e+00
-2.001922243283805969e+00 3.050183851342717745e+00
-1.463267723251430397e+00 1.846676004744814970e+00
1.623287234659891887e+00 -1.582302269648847570e-01
-5.375550429826267518e+00 3.570157538429264754e+00
-3.641015252369190325e+00 2.957610428902812671e+00
1.841674696256636823e+00 -1.336117045413808269e+00
-4.013246577873121446e+00 -5.125696146381677920e+00
-1.771939795724228883e+00 2.054191973356966905e+00
-4.474493103712259057e+00 4.418461015688787796e+00
-5.098872130132360070e+00 -4.224990288316915255e+00
-8.346403246009558297e-01 6.177079989340330535e+00
-1.916468173149708853e+00 1.577314683757276903e+00
2.082640386336954919e+00 -1.719362264277331187e+00
-5.100374753208896550e+00 -5.398281803424380243e+00
-6.449904942645057204e-02 5.654391385571493345e-01
-3.616419127780153175e+00 2.725096579648598638e+00
-3.542285722804186854e+00 -5.733920527881606333e+00
-2.036713078183366221e+00 -8.872203278377938318e+00
-1.365504838223656314e+00 6.065534167372867991e+00
2.373822053702341783e+00 -1.521011837361307961e+00
-2.815121291967578099e+00 2.272399144955036920e+00
-4.490982436852092974e+00 4.497882282370315288e+00
-3.161511893106068172e+00 2.016811408633099489e+00
-1.820047792418546528e-01 2.337821680916514211e-01
-4.517345328543052041e+00 3.486453216446575354e+00
-4.294531655879560539e+00 2.531427356694476050e+00
-1.128301320327027124e+00 6.473297381273348527e-01
-3.851535655340968312e+00 2.544503409881868627e+00
-4.816106424054103385e+00 5.255659532768439668e+00
-2.292773764464204334e+00 2.378286483710072119e+00
-5.999733004631059075e+00 3.611799163179112870e+00
-4.747374739566541990e+00 4.485037399224644616e+00
-7.506867012965039443e-01 6.636730282882963294e+00
