-8.413328302107219159e-01 7.117265592101214011e+00
-5.383181931317373881e+00 4.485919886730681760e+00
-7.173708012874754125e+00 6.150379943048208453e+00
-2.120385583176451316e+00 2.011278528051462011e+00
3.324585064007659074e+00 -1.001884034546879576e+00
-4.361502793025548108e+00 3.795801531906277226e+00
-4.776649516323565159e+00 2.775805533603419306e+00
2.825202103033807255e+00 2.506141308657596767e-01
4.046654794101949726e+00 -8.696427402035694643e-01
-4.647392305884374686e+00 3.680490403266465371e+00
-4.869455640520278017e+00 -3.998729449287675486e+00
-1.191091323757624387e+00 3.203254046546045508e+00
-1.723204496541819175e+00 1.639116462795531248e-01
-5.219339083395468037e+00 4.691059954845496982e+00
-3.179359668850265663e+00 3.146852630055871458e+00
-2.910754924128530430e+00 2.223878244971913887e+00
-4.051966892326074543e+00 3.581887546712888337e+00
-3.992103789606312958e+00 3.711393754910781606e+00
-3.834992368905526305e+00 3.332795707211131830e+00
-3.456555874675343087e+00 2.268616978583487764e+00
2.842467152711520839e+00 -1.005784868169228075e+00
-1.167486528511603616e+00 1.760578409445605397e+00
-4.324103062908363881e+00 3.661078618607864765e+00
-4.252599889048559234e+00 -7.322322679772588216e+00
-5.063635206840086056e+00 4.187902523472960326e+00
-1.797300444354871907e+00 -1.010538182623488268e-02
-4.436206176014778180e+00 4.582834920060443018e+00
-5.101252431713636071e+00 4.857259855672361404e+00
-4.509174001736561799e+00 1.742010734620674128e+00
-4.101815834406934869e+00 2.828781887460923183e+00
-3.761948707501725497e+00 2.274530603437233900e+00
-4.826675168137315453e+00 4.482663873879892513e+00
-2.310922756604727901e+00 2.520114507381080671e+00
-2.703687696596639434e+00 3.573347591412076696e+00
5.900134581965135183e-01 7.171477309763052865e+00
-4.402256608577562069e+00 2.712247769146459930e+00
-3.712706919675901496e+00 -3.753330190436070524e+00
-2.402419915477930878e+00 -6.612213759080912467e+00
-2.969216417542265951e+00 2.573519876773643578e+00
8.850472184626015926e-01 6.881807341717228965e+00
-2.285601475771293245e+00 1.739841601542851723e+00
-1.570998137778849779e+00 4.707641681692482649e+00
-4.770224332105867049e+00 4.881335114591301760e+00
3.637092350288213094e+00 -2.115683560422847442e+00
-7.985909412352608649e-01 4.433606995717306987e+00
-3.879362267415989329e+00 3.036738338731890252e+00
-5.297177735030288659e+00 1.746189038231682034e+00
-4.600927476942907823e+00 -6.094181181912808221e+00
-3.000843638585819928e+00 3.955285635390918486e+00
-4.309989785319773503e+00 3.824082489366632309e+00
-2.182803652390528981e+00 2.868770987564871700e+00
-3.965913508440221946e+00 2.969908089719513811e+00
-3.374502770695419152e+00 3.839456946180978214e+00
-3.885613472307789529e+00 3.691507926565825937e+00
-4.651511639809002396e+00 3.958361255910368914e+00
-3.523414241415736115e+00 3.394072194884622640e+00
-1.710739100532331580e+00 5.160344062960160905e+00
-1.141617065265593922e+00 7.165481867831631213e-01
-4.737598318421573751e+00 3.975354341919097756e+00
-4.692563184539530141e+00 2.688914261284994556e+00
-2.626971776829470251e+00 3.890192588801654416e+00
-4.153203928180795756e+00 4.074859089242678145e+00
3.971123350715032529e+00 -1.096089203300032011e+00
-2.134104116649220728e+00 2.441534660999700179e+00
-4.428020624491525226e+00 4.699450200655347132e+00
-3.138218187653877056e+00 1.954785048483508758e+00
1.324918403628516872e+00 -1.241419208646100891e+00
-1.576523489167670267e+00 2.838609481024411352e+00
-4.179200362208352892e+00 2.354099450097702384e+00
-1.503558476876634575e+00 1.465271127865701573e+00
3.408676338691668528e-01 7.063919391159090289e+00
-3.676078622025457321e+00 3.639785790293634804e+00
2.228257841146921603e+00 -1.482732092110258915e+00
1.745945076491088210e+00 -2.944248775664803475e+00
-7.088022890315372138e+00 -5.929023387017815949e+00
-2.406366357241848331e+00 2.739251846767562615e+00
-4.829875578485181009e+00 4.161421918033696876e+00
-5.651738214877141786e+00 4.911023873942428786e+00
-7.005741899308413900e-02 6.161364633560836523e+00
-1.828208530348770733e+00 1.593405300929758628e+00
2.753986977320153517e+00 -7.971533309303628911e-01
-1.835120098270007105e+00 4.932546403742028573e-01
-2.395878578444882723e-01 6.453760359006414760e+00
-2.359727296207990044e+00 2.618307314651773687e+00
6.447273623927716191e-01 -2.589942295516278747e-01
2.023675920763362335e+00 -9.755591175960236505e-01
-3.021198052435527970e+00 2.928059707634444564e+00
3.459983042535537567e+00 -1.120450595812416017e+00
-3.099894393804675907e+00 1.262527775488081261e+00
-2.869130609949367194e+00 3.966378488575250660e+00
-3.161409180330550850e+00 2.423564606608395788e+00
4.521726319989783915e-01 6.981893302322689010e+00
-2.506679085095160797e+00 2.555158622064392926e+00
-9.474035267071809763e-01 5.472771933076460371e+00
-5.134528328084273952e+00 3.928286016376420609e+00
-4.238185834672685282e+00 3.269714294648228936e+00
-6.632050482100080302e-01 9.184491041976361458e-01
-3.577210719362247104e+00 3.176786416545820391e+00
-1.876739143011280753e+00 3.196758223609531768e+00
-1.475679934646116465e+00 6.316548051141297471e-01
