1.641168036615498371e+00 7.063197861223657448e+00
-3.066984302855962241e+00 -6.111304192302863925e+00
-4.098833407354808278e-01 6.636386232355919290e+00
-4.018919713501261093e+00 -5.016358415693364492e+00
-7.355118598741983149e-01 6.091510606135842387e+00
-5.150609179938570037e-01 5.239718599778408148e+00
7.994259626162624199e-01 6.751709465932502319e+00
-1.499990190740781326e+00 3.942411427275045455e+00
2.499989990144714902e+00 -2.252883113943928706e+00
-1.256609319945908521e+00 4.114539139065358064e+00
-3.539149486534199696e+00 -5.298487265446947703e+00
2.876439128955813995e+00 -1.188643364306979811e+00
1.256596745086316025e+00 6.134086880241940598e+00
2.391121835191857947e+00 -2.364433925104482359e+00
-2.358404145719723566e-01 6.000654100556420012e+00
-1.700168994724327309e-01 6.147205624630987408e+00
-3.863700222154877295e+00 2.707142133927553207e+00
-1.122784997351959468e+00 7.036719430690649979e+00
2.180757991961278730e+00 -1.046066389488499615e+00
-1.550348799409090317e-01 7.151882790949350088e+00
1.033449588232098426e+00 7.244139631801947310e+00
2.418555914623805592e+00 -1.119261730187069537e+00
4.611659180244067624e-01 5.932808172900960741e+00
-2.272575784773468721e-01 5.584971611002496061e+00
-2.444863149753087495e+00 2.444610042989186383e+00
5.056719630687769307e-01 6.093124195978950830e+00
2.318049701443544164e-01 7.168197247508775405e+00
1.877251037024834368e-01 6.695848702903178129e+00
1.290621850756923927e-01 6.744582706768698088e+00
3.725402419540743360e+00 -1.261194866995485109e+00
-3.310213989661487499e+00 1.972572552157991099e+00
6.268497978635436674e-01 7.562747232331185288e+00
1.771998849619410565e+00 9.094547436483068736e+00
-4.135375104963364912e+00 -3.688937519847999447e+00
2.562889462735446489e-01 7.123799939457111208e+00
7.596177217348470956e-02 7.384393489628557461e+00
1.373273245196638292e+00 7.076279617045715398e+00
6.228455348671742969e-02 6.458377954230395623e+00
-1.126909211902571428e-02 4.913807345792006842e+00
-4.484992673166720678e+00 4.189547565456631872e+00
-1.724149960308686946e+00 4.642293150478996822e+00
1.003398321292751749e+00 6.796834456533678015e+00
1.205320386300712254e-02 7.298992947177914026e+00
-6.782548944995483886e+00 6.980376504579537844e+00
-3.067098281111448888e-01 6.129977759710871332e+00
1.327777638012439976e+00 7.599294350222767669e+00
-5.567240708827846163e+00 -5.702436089718443846e+00
-5.591710686111044382e-01 6.209814067678655292e+00
-1.458462733362669184e+00 3.943206592910244002e+00
-5.604215666182088995e+00 -1.552788547228238780e+00
-1.520869354683918928e+00 5.997003372911960284e+00
-1.771325606768735517e-01 6.587162332544578724e+00
-5.568378615817213273e-01 7.302832793319630866e+00
1.487311255208111582e+00 7.423540072308787430e+00
-2.265665872449567075e+00 4.442443902920405918e+00
-5.370516119508980113e-01 6.040644311155354274e+00
4.671504050533783481e-01 7.095775359562510154e+00
-1.074952115500892091e+00 6.092597138103252874e+00
-4.913291918418488113e-01 6.807354815714146135e+00
7.787503987219284163e-01 7.906681828298852466e+00
1.572606632956112804e+00 8.491570916897765997e+00
2.676872722365272850e+00 -1.661450825354373162e+00
-4.037280141732665917e-02 6.234139718758187065e+00
-2.280098977709757724e-01 6.494694428435731304e+00
1.113935297772661315e-02 5.178460365944514976e+00
2.083120419684916680e+00 5.065313173065431052e-01
-6.642631603943186525e-01 6.273339231458329834e+00
2.803817109231197868e+00 -1.380451185740017239e+00
-7.158089789004042081e-02 6.564896379246585312e+00
5.382503810478896922e-01 6.153066565546726707e+00
9.714986973465542519e-01 6.955776125442311830e+00
-3.838275569443793778e+00 -5.760328673562857382e+00
-9.358307463845298990e-01 6.254735595689188798e+00
-1.597768437886339266e+00 5.590197246326127356e+00
-5.591998714936856629e+00 4.700689182225890939e+00
-1.847842496360808884e+00 1.344188320862064190e+00
1.482456090302081586e+00 7.633199569586411215e+00
-8.929872644720779906e-01 4.802952476502053258e+00
5.865744147594892377e-01 7.221310796125668396e+00
-1.598591062017845621e+00 5.197920959454297218e+00
-7.008807737661200132e-01 5.956548185633661063e+00
-4.946901085470256643e-02 7.451908436896485632e+00
1.437134747961610892e-01 7.611067753221362864e+00
-1.413914794194766511e+00 5.472051163402845475e+00
-8.186190067943032167e-01 6.268542140155328291e+00
1.442921023621074106e+00 9.258224445617415199e+00
2.348842562562359682e+00 7.823153433368203125e+00
-1.135157544859899614e+00 6.128393266561836583e+00
-3.812154443505837875e+00 2.376960782994157917e+00
4.449809422360457289e-01 7.279250502818311652e+00
2.980579005872758258e-01 7.372571473827435717e+00
1.325578434453673404e+00 8.876645870577181796e+00
1.717299840758508944e+00 7.089508741241326462e+00
-5.278276617420228911e-01 6.146366848155508933e+00
1.455533836141593929e+00 5.969153212514863860e+00
-6.095524018214535378e-01 6.613176950838876245e+00
-1.961466536139254702e+00 4.735541862140328462e+00
1.996240102628934032e+00 8.056089546980988558e+00
2.287715202189464669e+00 -1.111749703966005143e-01
-2.895346256122402373e+00 2.617853215130946154e+00
