2.766293952078221263e+00 -1.396694423279075004e+00
-3.027600105020428867e+00 2.436447220507240274e+00
2.575291484990084090e+00 -6.943693437463017704e-01
-3.061050407935739237e-02 6.829144813056270635e+00
2.580445136972529863e+00 2.005254104321061437e-01
4.337626936240441822e-01 -1.923160290921607452e+00
1.001482713877416941e+00 -1.805002418002318532e+00
1.185627765175512494e+00 -1.324857437007865624e+00
1.402172271940689940e+00 7.244426030721979437e+00
-3.524452802904879611e+00 3.108814337765822167e+00
3.419552498507721694e+00 -2.126661434596321953e+00
3.365100827566551711e+00 -1.505100790759511087e+00
1.429273154112066679e+00 -1.413574242569737960e+00
-4.333715515364380266e+00 -6.788379861711507424e+00
7.471011685231943034e-01 -9.259272214568591286e-01
-3.910157975325585955e+00 -5.818784567155463883e+00
3.167166855130369552e+00 -1.513927693813769348e+00
-2.113501451186079017e+00 1.901032016501442712e+00
3.559782432612264902e+00 -4.343699897876057703e-01
3.244326796888893139e+00 -1.140253121861615870e+00
2.541277605537217266e+00 -1.219592042801765475e+00
-1.884207122965471326e+00 5.026815731897075423e+00
1.471390294433522483e-01 6.771153323336092100e+00
-6.192599032392111624e+00 -6.525159650183022464e+00
-2.659698919641755310e+00 1.969770413308989054e+00
-5.433436836768287037e+00 5.613132918780346259e+00
3.635682645467284146e+00 -1.727532557657375456e+00
-5.226239646424339469e+00 -7.602020939558965296e+00
4.027121554277303339e+00 -4.512164511636022057e-01
2.455717961582088549e+00 -1.211149878874150376e+00
2.809383923866803467e+00 -2.714084598021542227e-01
3.560011242309452317e+00 -8.357339489776322017e-01
2.894211281330593799e+00 -5.944362162651617432e-01
2.536107212345608097e+00 8.716998448160464541e-01
2.834130674247325121e+00 -1.429948614432012377e+00
3.785356700902222649e-01 7.989341701746774937e+00
1.458211229826763766e+00 -7.801197689291532456e-01
2.250419113667029514e+00 -1.672232316383445383e+00
3.968241007515872276e+00 -1.671951886065045079e+00
-8.485205727339129034e-01 5.495070974989273438e+00
-2.858670092347004754e+00 2.322728933755324743e+00
2.951801164577116499e+00 8.084857171997468228e+00
-1.755800100171025502e+00 1.703819946405175312e+00
8.666588005669702277e-02 6.960747070954755422e+00
-1.059234968587954517e+00 5.899112377079565483e+00
-3.206584572375126729e+00 -5.130778316972733677e+00
2.302067961571971910e+00 2.736466725124475641e-01
7.918721049112306121e-01 6.509685926376221232e+00
-5.635227834560805782e+00 5.804092104309466649e+00
2.509785586911053912e+00 2.554076916287235655e-01
-2.824443215035495669e+00 -4.506821205871053948e+00
2.680465330855042794e+00 1.113162525423418980e-01
-7.050292162950309027e-01 5.962009669580664806e+00
-3.555541260982890250e+00 2.166297575899688077e+00
1.519087367703413793e+00 -1.921172516381424167e+00
-4.466211705001869703e+00 4.458301803744231684e+00
2.886701397902289745e+00 -2.026084287785804294e-01
2.175246618249213171e+00 -4.205051961040284780e-01
1.296908047249277107e+00 7.546455632597611540e+00
-4.579700634322684927e+00 3.688656211461874612e+00
-3.070301556768738394e+00 3.779386323759810207e+00
1.581911244125491667e+00 -1.286491260383885393e+00
-2.866312417729679041e+00 3.086557446438995989e+00
-4.059134803666966995e+00 3.336814247382576593e+00
3.324273785139523429e+00 -1.402352443112536484e+00
-1.942032882447747077e+00 5.479200508895214483e-01
-9.932630184134700890e-01 9.609584625679499226e-01
1.628028451924196540e+00 7.286921165249739651e+00
1.758472690269061278e+00 -1.700926756769401305e+00
1.832054682533554302e-01 6.753853283427260656e+00
-4.857709698305120227e+00 -4.771516598204770254e+00
3.869844177074637237e+00 -1.633692016452120033e+00
1.698732073310796675e+00 -2.093712786808612059e+00
-4.473290272368394938e+00 3.542080024174317110e+00
3.543125963045659521e+00 -1.503632548416709902e+00
-2.522023736590199405e+00 -4.349620495508201401e+00
4.028069089995275576e+00 7.009098475895669811e-01
-3.087765358599037668e+00 -3.827556515578896867e+00
5.533981389845810117e-02 6.306692375171308207e+00
-1.181550615170949170e+00 5.422629706932428739e+00
-3.808502350800582636e+00 -9.942475493540436915e+00
7.256180947538080073e-01 5.657580244186382501e+00
1.758766618979019647e+00 -1.405666407672706564e+00
6.097424042877525041e-04 6.687112954728944736e+00
-2.494089599803086532e+00 4.061450291486655040e+00
-3.366522890288029757e+00 3.356323491906379797e+00
1.551282891204556869e+00 -1.427021201087818714e+00
9.737594640509784627e-01 6.963030221194594915e+00
3.411612990898381437e+00 9.763616873263236684e-02
2.178961755893191743e+00 -1.253324236041685635e+00
2.261591917042926614e+00 -9.018494081959189668e-01
2.179012232071054100e+00 -1.640065980867681183e+00
3.182248664676084360e+00 -1.666997834884130558e+00
-2.712955591525516574e+00 2.723453382705700143e+00
2.332847569143309929e+00 -1.720670227999920199e+00
4.219659627893829423e+00 -1.072195079732600531e+00
1.861489853617538159e+00 7.163074208649836905e+00
3.763092155533190653e+00 -1.636400440042632853e+00
3.164299009312193434e+00 2.046890236802050289e-01
-4.093079688697501162e+00 -3.611249305583779545e+00
