-1.084269891000912533e+00 2.283511974617560725e+00
-3.477865493018667653e+00 2.687483081659826301e+00
-3.547419445476528210e+00 -4.422755146618394306e+00
-4.671407306834418627e+00 4.478862272935285382e+00
-4.118598958848216363e+00 -3.886127008227243440e+00
1.106118339698991537e+00 7.894134891881355642e+00
3.263886783000831127e+00 -1.978745856429220851e+00
-4.572095512742200718e+00 3.429889272721720062e+00
-3.225748431325316634e+00 2.916221400512145401e+00
-2.576851704387178366e+00 3.034754054781631183e+00
-2.755903926695678408e+00 2.200842868792186824e+00
-3.145272415195914384e+00 4.425113050313660423e+00
-3.894473084221986348e+00 3.507499810046736943e+00
-3.957599931094972767e+00 2.499646189405787311e+00
-2.287978961366739838e+00 1.833352089892791081e+00
-3.721566870275684558e+00 3.341752105855686938e+00
-3.587960925516024968e+00 3.913101705203560154e+00
-2.811696940474258000e+00 1.519835402342990527e-01
-3.036158222029106124e+00 2.481838814810136018e+00
-2.799777140457571534e+00 3.646892629447241241e+00
-4.093645186060872021e+00 2.923931779758358829e+00
-3.072938684950639932e+00 1.440339387825970929e+00
-5.027510407301160278e+00 4.242856959877975953e+00
-3.571465469067886644e+00 4.200655358925698302e+00
-3.314174166497330543e+00 5.385455595459685441e+00
-3.488994098456235537e+00 2.542437513592969545e+00
-6.622076918690909864e+00 6.562311762446713104e+00
-2.705327800071258615e+00 2.787844156401998230e+00
-1.147630335173087879e+00 2.211032953876439500e-01
-1.981404430746940726e+00 2.194605756709957056e+00
-6.990638120546384116e-01 5.945509292303379212e+00
-4.851029121625291651e+00 4.713743383743130622e+00
-4.024079368599004169e+00 2.636279667510313729e+00
7.555350363524784285e-01 -2.051242222437039686e-01
3.701256529127809003e+00 -1.403486286551195006e+00
-4.294508227409926882e+00 -6.516704331867746447e+00
-4.335339052921968417e+00 4.457133612268633804e+00
-6.859070963617013295e-01 4.361480118396126926e+00
-5.175465998683232094e+00 3.749714986374508285e+00
2.878392052231800502e+00 -1.571568605846003219e+00
-2.947120304505593147e+00 3.900456961469485506e+00
-4.901869537652777664e-01 4.770527047225642470e+00
-6.949387564250002924e+00 4.772166203192923284e+00
-1.563163545785157371e+00 -5.192146125402114620e+00
-2.203072343300263025e+00 2.151067775694215811e+00
-3.535614562728095933e+00 2.451115735111254246e+00
-8.271318218798171529e-01 7.555950899876617832e-01
-3.428217982650888507e-01 5.551570222717834291e+00
-1.694711659245460078e+00 6.486360857191848517e+00
-5.654943309249482297e+00 2.584225038377264028e+00
-3.013790738525473412e+00 2.169170890879571267e+00
-1.331358433449812306e+00 1.998287704408693299e+00
-3.870733967951007326e+00 3.169279351326435901e+00
-4.147068345104815812e+00 3.385032648734875416e+00
2.720057826562451986e-01 7.654678072770836117e+00
1.065080593529268871e+00 -1.547976069262736010e+00
-3.786584833738287692e+00 4.091441731945625548e+00
-2.519327543897328159e+00 2.503490025084714077e+00
-3.892636686007667102e+00 3.318103824107388800e+00
-3.560060508750924058e+00 4.376692663391736460e+00
-2.232783609555996751e+00 1.850915062724573401e+00
7.331835186400010862e-01 7.293380066852360066e+00
-2.406895710411920408e+00 -3.937467632095096537e+00
-2.593038060840172854e+00 1.782821028196790225e+00
-2.286864850120208459e+00 3.537394098354282868e-01
-4.084096436414354159e+00 4.549817973676196559e+00
-2.061346109170082208e+00 4.746760303919285384e+00
-2.097453512205507131e+00 2.128730357100185877e+00
-1.204888217036076958e-01 5.749277712483078062e+00
-1.015364652147638935e-01 -5.243438031225950979e-01
-2.125165324119281607e+00 4.018907748255591272e+00
-4.235072071704284014e+00 2.252808694428622971e+00
3.224196233725395100e+00 -1.538135825063688067e+00
-3.240522240467236692e+00 4.185786544203764059e+00
-4.367245114697301034e+00 4.331605472441061977e+00
-3.369576102678976781e+00 3.469434904366377026e+00
-3.706638273007340167e+00 3.512786645494431426e+00
-5.503982783310618743e+00 2.354075183574477315e+00
1.839041462253691472e+00 -2.665074512260503958e+00
-4.711415143811222173e+00 2.763058196790076693e+00
-5.914527068498220963e+00 3.733549400160224963e+00
-3.111563763274148187e+00 2.266830524686002324e+00
-4.387903615420746029e+00 2.271448585692327882e+00
-3.469570566313042281e+00 2.969102086924072292e+00
-3.528362332454757500e+00 3.155634901901207545e+00
-2.289100700744811423e+00 2.108410044976682940e+00
-2.757576682501251319e+00 1.072036812550111629e+00
-4.178946686672339261e+00 3.766939875996394793e+00
-2.830866932221188570e+00 3.765793794821642226e+00
-3.281724177090588057e+00 -4.801217739029618237e+00
-4.855591534825563826e+00 5.260289446112970779e+00
-4.700816998835797733e+00 2.235628753094259125e+00
-1.954959468679359880e+00 3.066277183803471917e+00
-3.210480753047362690e+00 2.406214622094318578e+00
-3.213928711396406790e+00 3.123129394590102859e+00
-4.391215963647536746e+00 3.152198517986861681e+00
-4.038857813492797710e+00 3.714345941082914937e+00
-3.571481483949374258e+00 -7.280804866989275759e+00
-5.321307051182762926e+00 3.378838720307765886e+00
-3.720630072186292381e+00 2.335242562370731356e+00
