2.897500270463499561e+00 3.152033016497945983e-01
-3.521322399870576270e+00 -5.039102829241613790e+00
1.600065758200486243e-01 7.188241526891133937e+00
-3.876083451765698573e+00 -6.732301775529291099e+00
3.690036830906047172e+00 -4.030161731012963378e-01
1.115779150759931282e+00 -5.290060745539948428e-01
-3.823758597102628443e+00 5.292085266684662059e+00
4.236931959454532937e+00 -4.703405688002348928e-01
-3.006543941083692051e+00 2.874684186388334339e+00
-4.492036795763776347e+00 5.585989194697747351e+00
9.014353993116259733e-01 6.230803150419450098e+00
-6.407107794791480515e+00 -3.311927875486009754e+00
3.774350125740466577e-01 7.085789439916982957e+00
-8.757786540089121385e-02 5.921443891678126015e+00
-1.872220099041404406e+00 2.452210025842966878e+00
1.253601177453282922e+00 -1.405627815812269921e+00
2.922929613511696889e+00 -4.862580314671793857e-03
-5.636709398714476738e-01 6.306550744202117365e+00
-3.707826377499551462e+00 3.902987115672867269e+00
3.059308922974954825e+00 -1.239007680455948890e+00
-7.074630357337110542e-01 5.898593904165361224e+00
2.417429798830633914e+00 -1.841112318928051828e+00
-4.254186191179092802e+00 3.525539721791711933e+00
1.828294042261446872e+00 -2.094596076270712537e+00
-4.140605335567070888e+00 -4.915976006266705056e+00
-4.989914057653506596e+00 -5.180474248855168717e+00
2.883890914069687561e+00 -3.281441460675708077e-01
4.490753291464902652e+00 3.567756264113355336e-01
-5.664418136458429842e+00 -5.424899957771990522e+00
-3.300430638427031660e+00 -5.641588759616777082e+00
1.820110567901934484e+00 -1.967491824452922700e+00
-1.387928906571364696e+00 6.452303299343308929e+00
3.053532886995565798e-01 7.710094337092067818e+00
-1.041766251206541316e+00 1.781137256100379762e+00
-5.831584034915558767e+00 4.137373775025189993e+00
-2.696490485771858125e+00 -5.223728102944680707e+00
2.559050941887714092e+00 -2.966245092610881873e-01
3.523849616502417348e+00 -1.708773185632762370e+00
3.072598300177167285e-01 6.578438062250731910e+00
2.654570842586957191e+00 3.787367127431262581e-02
-3.125384281973400569e+00 -3.940320263989657512e+00
-9.202693346227057702e-01 6.312694258968191363e+00
-2.426227674199388229e+00 2.390687455097216585e+00
8.420082675835662833e-01 7.763906231301632488e+00
-6.639033640820540816e-01 6.925202729790598255e+00
-7.853512262250861298e-01 4.819749081735428042e+00
-3.819797114878302313e+00 -3.696487408162702160e+00
-1.839201768693832673e+00 5.775868021884314807e+00
-2.601272565258333280e+00 8.532149412093761320e-01
1.654021081758775935e+00 -1.444788025503173756e+00
-1.803187912002601756e+00 2.786805388822543250e+00
3.154382085803844493e+00 -1.223131420082591791e+00
2.825666036970906791e+00 -1.868624039494185762e+00
-4.643053098378743471e+00 -6.456760834710376429e+00
-1.589404936563285187e+00 5.774470508903341681e+00
2.209249775907158764e+00 -3.767590238936067149e-01
-3.767917033631870360e+00 3.535558880882968324e+00
3.274995514488916459e+00 -1.584285676446367974e+00
2.163773712408607608e+00 -2.874109119376299759e+00
-1.323989136918855669e+00 4.878113006169052746e+00
2.283345248205260081e+00 -1.616930271158665722e+00
-3.881718728900680926e+00 1.719805459669183856e+00
-4.226303538720120656e+00 5.050606156358012910e+00
-4.148512466926115749e+00 -7.075980754881234347e+00
2.067432261077446931e+00 -1.321747172892667299e+00
2.930663682620941568e+00 -1.113956334007495386e+00
3.592270783667006029e+00 -1.096715345810937992e+00
-5.002015975350253107e+00 4.607710362076138821e+00
-6.948540572642111224e-01 5.807226496397726478e+00
1.778451197073789736e+00 7.370730672976712583e+00
-1.750308389768876483e+00 3.497555362765684794e+00
-3.253914335663674162e+00 2.475468278861511884e+00
2.594701405453460730e+00 -1.483134790646126744e+00
-4.793005988403232998e+00 -5.662005755171437116e+00
2.042180748787139954e+00 -1.493667579469870610e+00
3.121821571014364416e+00 -1.232833170618420571e+00
2.355043952727579715e+00 -1.010916276946231207e+00
-2.512188542002682823e+00 2.342062746685288133e+00
1.819070003202848174e+00 -1.153149683983682783e+00
-4.023668825681492756e+00 -6.237595162020291184e+00
-4.499416120000254260e+00 -5.041701785050213935e+00
-3.300564934674715900e+00 -2.927752586985935768e+00
-7.267459911651562576e-01 6.375726078505937977e+00
2.181670321127326950e+00 -3.739368953264179396e-01
2.072455518339281488e-01 7.432733269519810726e+00
2.620654565066074859e+00 -1.204376628950215578e+00
-7.992325842081809961e-02 6.151165692834307031e+00
-3.596866444124574347e+00 3.943417976679960191e+00
2.668905643476561895e+00 -1.043046389346074854e+00
-4.214031568110197412e+00 -7.341454630615611876e+00
-4.039379047636161957e+00 3.256324000220758297e+00
-4.734587533559539985e+00 -5.918945003917558623e+00
-9.161560699249911288e-02 6.187347662700216411e+00
6.378154061785401563e-01 7.978004842014364328e+00
1.015768281430804887e+00 8.280600888597961173e+00
-1.010684935099759763e+00 3.351146858753959457e-01
-1.730989838245563739e+00 -7.133657686732931325e+00
1.372504860579368824e+00 7.934511387740442956e+00
3.235468975656594637e+00 -6.605005385135171991e-01
3.042045626870173880e+00 4.574707606500605372e-02
