-5.750755312803106367e-01 7.201462359097821064e+00
-2.134111264567832844e+00 -6.035084990958157647e+00
2.606480606776325981e+00 1.803362991256562964e-01
-4.868054449773906001e+00 -7.443480346768369671e+00
1.166676615185464172e+00 6.904124288926768216e+00
-3.664908924111565991e+00 -5.467048568079075466e+00
-2.856262304250603012e+00 2.610848023500736304e+00
1.167504562269448681e-01 6.763700880334956977e+00
-2.347111470966974922e-01 6.240610823241729221e+00
1.814630332667086066e+00 7.526600207913689999e+00
9.755207867786619413e-01 7.382939772988195593e+00
-2.788053821839538426e-01 6.022546894695670616e+00
2.496769734218081904e+00 -8.641844714881088407e-01
-3.200919319080332004e-01 6.828423784779248606e+00
-2.201292806049904183e+00 5.135520702610340216e+00
2.066966136599142523e+00 -2.677279843728443964e-01
1.110871112895797319e+00 6.944955246108709623e+00
-4.412919482840557350e+00 4.651419466456552243e+00
4.161087105563149535e+00 -1.260942704749548060e+00
-3.049730254417653441e+00 -5.969034856309085590e+00
3.179452348189191646e+00 -1.479621975654093369e+00
-4.200961039876580649e+00 -5.046194420649833035e+00
3.454902448668726311e-01 6.653999581509410177e+00
-1.133506583676375801e+00 5.781703093056187903e+00
1.657033587953309628e-01 7.279355670288349955e+00
-1.556460447848949658e+00 5.041104480157635237e+00
1.631783129770829177e+00 8.513950895019151588e+00
-3.627055144812076470e+00 3.733083054078985885e+00
6.992892284990264162e-01 -1.533197652604822991e-01
-1.372596025297727340e-01 6.396011789350638743e+00
8.543789759980908727e-01 -4.712583591992111076e-01
1.444813152502348319e-01 6.666568653369847830e+00
-1.873217547080477718e+00 5.565694688544728486e+00
-1.495951673599612342e+00 4.610541589676326879e+00
-2.300053150070119568e+00 1.638080670055361843e+00
2.317294968075672479e+00 8.434128626403012419e+00
4.054868311844547213e-01 6.203710895536330483e+00
-3.266007889889896432e-01 4.848663862544613679e+00
1.217861515590618282e+00 7.194808856803271091e+00
-3.404475070331721698e-01 5.248134448643240191e+00
-4.990458633839024438e-01 6.528551035911023703e+00
2.021444600969911409e+00 -1.722892500687931872e+00
6.384314803039317088e-01 6.254385237281433696e+00
1.494766835346718281e+00 -1.350813997816457501e+00
-1.137030453518614426e+00 5.560410234587899403e+00
-3.126176757419775187e-01 6.760378052683154948e+00
8.178717704643897468e-01 6.709004096961614039e+00
-5.608875926241204013e+00 -4.095450809606172804e+00
6.018775792378546763e-01 7.077806067475552965e+00
8.056408309599084605e-01 6.579020889006069517e+00
9.555335941461549076e-01 7.283797390218825996e+00
-1.202791975991545304e+00 6.675748905820151791e+00
1.742042811595704954e+00 -1.517321086589094037e+00
5.282187773320253799e-01 5.965399404482534251e+00
-9.630687272781455199e-01 4.789667229338652632e+00
1.615915445970170783e-01 7.669478145842187899e+00
1.976402803523318874e-01 6.874599580541421950e+00
8.162699113136886453e-01 -3.042494624168153194e+00
-5.019714569567330642e-01 5.998665228898611090e+00
2.187509612227627187e-01 5.262061717561075547e+00
-3.250279172513217851e+00 3.601392468133141289e+00
-3.128940894432904463e-01 7.068625500294158925e+00
-6.679357226410720383e-01 6.439656073042259621e+00
3.298275804714269288e+00 -7.919354209615963036e-01
1.536433709579817508e+00 6.207603750671727205e+00
-2.016167828043521126e+00 4.515680618175375471e+00
8.653195561839681638e-01 5.639673112136045496e+00
-3.651309522958273934e+00 4.025391738856869850e+00
-4.240602520367924289e-01 5.823039399316678910e+00
-1.174001061095779619e+00 6.537992015908808519e+00
-1.644708556799630461e+00 6.179239048583957228e+00
1.284978399096046164e+00 8.112731505210811989e+00
2.707825417326477080e-01 5.453684660536007200e+00
-1.697236314811752411e+00 5.147393263448867273e+00
-1.479935047366454093e+00 5.344109382292746346e+00
-4.511252962574785919e+00 -6.157101251583926071e+00
2.707241044548748032e+00 4.718698720814171743e-01
4.985286837710424246e-01 6.983514608220136033e+00
-4.733155475508598720e+00 -4.936706391989070575e+00
-3.482814639101605714e+00 3.393825485951675880e+00
-8.633338728993297795e-02 6.463434503686420918e+00
-8.945297692767221198e-01 6.016545570988147240e+00
-7.388774312285051327e-01 7.265347381138055560e+00
-4.250828469510548935e+00 -5.315430197902315967e+00
2.696450468298124403e-01 6.081891434142471908e+00
-7.017630626159893081e-02 5.566995708947900745e+00
-1.755075320072525757e+00 1.720593499552518946e+00
7.264943113665376373e-01 7.365419829019042908e+00
-2.173731001067062962e+00 4.256338227647240124e+00
1.605080453485147718e+00 -1.216993656475024776e+00
-4.615725110602157066e+00 -2.172772091951225448e+00
-1.954430795277144028e+00 4.696907491449993088e+00
-4.267918414605519573e+00 -5.567662370475341405e+00
-8.681212157021601650e-01 5.305745396164690320e+00
-4.946018615723648537e+00 -5.530978234332756038e+00
-1.572716360229697630e+00 5.400440295437786808e+00
-1.771956722392620698e+00 -6.430146084618986180e+00
1.510650839575154447e-01 5.657232572121702496e+00
2.178372161340493829e+00 -1.204324238268403402e+00
8.794612139267297124e-01 8.013865560229557872e+00
