-4.414178988257773106e+00 -4.844754554730681839e+00
-4.900158115201894482e+00 4.587224220482247539e+00
-4.930108052100108829e+00 -5.946211863998528635e+00
-2.988898025863124808e+00 4.346268408998732902e+00
3.234307991193964948e+00 -1.239071534786357009e+00
3.135104289846704084e+00 -1.559372223269579472e+00
-1.050926148194768928e+00 -4.019927270943846942e+00
1.386387266753571490e+00 -5.262354546847685111e-01
1.742119832774855936e+00 -1.180025534896457007e+00
-3.775945876953962888e+00 3.543014352768614206e+00
2.261595216829486610e+00 3.998343540554207820e-01
1.561664197737358428e+00 7.214253606477490699e+00
-1.421372382171455229e+00 -4.695575922145730274e+00
1.620023353944554323e+00 -1.323481775699199892e+00
2.512731580542853393e+00 -2.146489064151785087e+00
2.517770131613187079e+00 -5.652372483338197195e-01
1.584692183689337952e+00 -2.789844785478977629e-01
2.140770286842427428e+00 -6.072231558544163299e-01
2.539274921470505042e+00 -1.076140339893889575e+00
-5.196554139910626091e+00 -4.795941661991874660e+00
-1.550013899948785800e+00 5.664797979673462436e+00
-1.643552808131613974e+00 1.097400531991991279e+00
-8.533851717118271507e-01 5.941272310378723276e+00
-3.548449541901518955e+00 2.036822520400762393e+00
-1.859255719298201548e+00 2.604368823728019144e+00
-4.310461712385496469e+00 -6.344964038895871461e+00
-5.116262154638824278e-01 5.567373614391394554e+00
4.443952885662531549e-01 7.441476451504512646e+00
3.281978561440071829e+00 -2.175187444640450884e+00
-4.934021005040618579e-01 5.972669852819560532e+00
9.631085764817672867e-01 7.462281217787298360e+00
-4.451762009623498884e+00 1.836877688566186162e+00
2.870814791169205016e+00 -1.656582073442578462e-01
-2.760811437353210884e+00 -5.586634837568069223e+00
2.273663324485920789e+00 -1.702323813468608282e+00
2.608824973899501298e+00 -1.670648924558960857e+00
3.010369613004778344e+00 -8.496046735164362040e-01
-3.797306581252017033e+00 2.921569935315808220e+00
-4.821414624611504607e+00 3.423652312288189226e+00
-2.011438061013442802e+00 -6.012973416526078196e+00
-3.615679101935832529e-01 6.259570416190515019e+00
-3.002466586713079089e+00 4.220995521806258921e+00
-1.540377793298097764e+00 -3.669337363349127745e+00
-1.593510520876538106e+00 -5.187895705555054526e+00
5.411862127532129918e-01 -1.492169108023140511e+00
2.194611930207547079e+00 -1.122235570721669351e+00
1.859628805611535318e+00 -1.172318483019362034e+00
1.853956766760107122e+00 -1.593721729320307645e+00
2.854998211698231980e+00 -1.544568504262279873e+00
2.692797385636096941e+00 -1.777854334421213878e+00
3.879457792399434890e+00 -1.570329007755661532e+00
-2.121997025870452802e+00 -7.217038946863896243e+00
2.301474984987149419e+00 -1.043892904896865037e+00
-2.321629371261033192e+00 1.509501683102231651e+00
3.226044700869829640e+00 -8.233829102393929178e-01
3.157661085437710291e+00 -1.170572189497456783e+00
2.132027266645519781e+00 -2.123938047584381650e-01
-5.861631371310446426e+00 4.591857503160827747e+00
4.123593103936309845e+00 -7.361602970765950271e-01
-3.791882123064731047e+00 -7.411479051601625123e+00
-1.319051794145300605e+00 6.189247039538022577e+00
1.371341349295730705e+00 -8.680698165962410506e-01
-1.391890953238976714e+00 5.352486833161673729e-01
1.384127845732285200e+00 -3.635603585844743302e-01
-8.599592939844624695e-01 3.758243908489196095e-01
2.744962717042966904e+00 -7.090416858293094871e-01
2.284647296586061582e+00 2.910215087634080433e-01
-4.357639943784525016e+00 3.299113168152687958e+00
2.820704866529501142e+00 -1.356215792661509933e+00
2.358202707048481006e+00 -1.303643296516687977e+00
3.619632220051497207e+00 -9.281388416883881165e-01
-4.755564156052354718e+00 -6.380524432757722408e+00
-3.274063556880361325e+00 9.511347962231995190e-01
2.581868677467376028e+00 -1.179273893650342853e+00
4.655173325674750728e-01 5.694366893415473641e+00
-1.439444096653559546e+00 5.638151931990771359e+00
-3.759779083043242487e+00 -4.846473512388473459e+00
-5.553906003640258771e-01 5.515572335461339293e+00
-1.031953120758307696e+00 6.315549840005153293e+00
-4.171730568383801518e+00 -5.122554626770163821e+00
2.642227969554849842e+00 -1.119312697934606637e+00
-5.500551082895730914e+00 4.158455937281045678e+00
1.968663424136894768e+00 -4.812008398365361650e-01
-4.572309837915017328e-01 5.074079289610947008e+00
8.887682574519824019e-01 6.673665718474563135e+00
-6.797474846784590241e+00 4.224549661789525956e+00
2.307599066404662835e+00 -1.422917372681903547e+00
-3.634065064138023438e+00 -3.144544132133151759e+00
-3.580362171314612318e+00 -7.225378385710348184e+00
-3.967355871043712234e+00 2.491123277316113160e+00
-4.884882528530539503e+00 -4.404030266807168914e+00
1.475354628680803026e+00 3.293214889478166540e-01
-1.671246722026095366e+00 -5.530380174262647053e+00
-3.632047939132462488e+00 4.045843576084246607e+00
-4.674752914081005351e+00 -5.571924030323853749e+00
2.419758637910534471e+00 -1.562720073754249039e+00
-1.952457973254609458e+00 3.270862330774148674e+00
1.926844673930818042e+00 -1.405018826539590870e+00
-2.068458160730494377e+00 7.144065466849740531e-01
2.225265708733926484e+00 -1.677768142366823367e+00
