-2.449975248634221003e+00 2.398142719308337334e+00
-2.074698447119809774e+00 -5.822961083855492603e+00
-2.484731921888343908e+00 2.272408135652399519e+00
2.142738067041658923e+00 -4.993577608281507541e-01
-4.068940204050154108e+00 2.841713225605739801e+00
-4.832351524320499081e+00 3.781689917676529067e+00
-8.726957648649671384e-01 1.236060784821206404e+00
-5.099650423902470919e+00 3.827114888191442965e+00
-4.965953071239876948e+00 4.342117686855787362e+00
-4.829105343551414187e+00 -6.142193446697923775e+00
-3.129594894926301496e+00 1.516933358354979999e+00
-1.515433222337759511e-01 5.864423674110989637e+00
-4.225906811909243110e+00 3.019550825002723204e+00
-3.907765599100850640e+00 4.102714427898878746e+00
-3.737928159301743936e+00 3.664073930628357623e+00
2.433726574447167668e+00 -7.103122113967523799e-01
-5.558965142387307878e+00 4.984361606766381847e+00
-3.580782100972450976e+00 2.492236704609007703e+00
-3.291519337784744259e+00 2.506851554502209201e+00
1.220023153328791299e+00 7.056899249710425259e+00
-5.806852707772732991e+00 4.125590650800015524e+00
-3.128082742568448205e-01 6.360426134304373313e+00
-3.569504642364286440e+00 2.076563337023883626e+00
-1.313897829648145610e+00 3.875123930985129306e-01
-5.605314497026835596e+00 3.885417458205730146e+00
-4.346512800975908419e+00 3.597882179835635075e+00
-3.876296462424032363e+00 3.226473277604446910e+00
-2.967217516463034332e+00 -5.455107142659589847e+00
1.801417084481018893e+00 -1.080477649104609084e+00
-3.157830091226801805e+00 2.642862637318469599e+00
-4.137462526671183305e+00 3.547496825335771042e+00
-5.512640023667842115e+00 4.189426361337414306e+00
-5.538538112071393016e+00 4.299536355463136061e+00
-3.094236332770398334e+00 2.940658461973380433e+00
-5.555502504032376443e+00 4.942638996158475351e+00
-2.424513598185194851e+00 1.369331267634886107e+00
-1.020470205762589400e+00 6.832776258217196919e+00
-6.003373448921252020e+00 6.620356844717191436e+00
-2.890386092424579001e+00 2.827088570415008384e+00
-2.400182285432364448e+00 -4.555317319449426527e+00
-3.911472231555467971e+00 1.862087008696132751e+00
-3.538747317897922073e+00 2.324750373899301614e+00
1.250686238131589967e+00 -1.232844382686076656e+00
-4.030678998265579516e+00 3.574370473621748978e+00
-2.995133682362034033e+00 1.694128739802269967e+00
-3.126426296862285792e+00 2.831343981542024935e+00
3.552500045470953438e+00 -2.020729582613982167e+00
1.217641674022992282e-01 5.988712760061580376e+00
-4.594117022802836736e+00 3.791947949713589949e+00
-2.311660048386038557e+00 2.178295561136617486e+00
-2.634097356028111570e+00 6.648058104993457285e-01
-3.990381021146027773e+00 3.682726585314936241e+00
-4.741379909687735150e+00 4.556867964553393158e+00
-5.201898295564455488e+00 -3.786133105360149020e+00
-3.091922104083383083e+00 4.507457974890493269e+00
-3.572266695919009472e+00 -2.185198689584246790e+00
2.480404954009316043e+00 -2.966589786995307287e-01
-3.833578114371243295e+00 3.495061878360768759e+00
-2.497173262018314244e+00 2.350169023719931083e+00
-3.144743560924159187e+00 3.143197569073674202e+00
-2.858333788831559197e+00 2.662110393708835065e+00
-3.254656039991733252e+00 2.087503074224360766e+00
-3.703885263721563792e+00 2.050127638151636233e+00
-6.104113604121680581e+00 -3.944338528443931846e+00
-4.790254066319160842e+00 -6.526560449984179613e+00
-5.740451225671191260e+00 5.797940786196996932e+00
-2.648837131206723150e+00 1.423844440275042311e+00
-4.112037667692571397e+00 5.466229921426506877e+00
-5.814042633493662349e-01 6.100510536999872890e+00
-3.894441106983909773e+00 2.417986578371885464e+00
3.993346299811060263e+00 -1.053572095292954369e+00
-5.483928797197750171e+00 4.641123964676077129e+00
-5.736118767093598692e+00 3.887422102745583974e+00
-1.738696178204633958e+00 2.234619847603003251e+00
-2.247853764270115740e+00 2.192859657237411497e+00
-2.632101783162799080e+00 2.282155422179755533e+00
-4.096220441020023806e+00 4.141391538094843838e+00
-3.756548200002997717e+00 2.106188702804856483e+00
-2.486466400392158604e+00 2.581562995940593463e+00
-3.964577889375719977e+00 2.460017890635305626e+00
-3.772120083955964542e+00 4.397436242106753213e+00
-1.885931431721878715e+00 2.280468923350838839e+00
-9.233735754175835808e-01 2.432660399413907548e+00
-4.476059855248935904e+00 -6.493572127415674800e+00
-2.532171084774157421e+00 1.832145150494123964e+00
-3.334224532737659175e+00 5.438457111924528853e+00
2.130840672985848006e+00 -1.783175793627533423e+00
-3.703668504834592756e+00 4.264361724421412703e+00
-3.228477461330154785e+00 2.891977206948047829e+00
7.364320686405821659e-02 6.736244757830428753e+00
-3.685210314234584228e+00 2.321823703445455855e+00
-1.571459604937142096e+00 7.500367804566741015e-01
2.253920764753488459e+00 -2.181015276715648987e+00
-1.911628571292682821e-01 -7.437418435112004289e-01
-1.852954678562909852e+00 2.017673250325702661e+00
-1.291472904706882030e+00 3.399153895409062542e+00
-4.268808494356427730e+00 6.254425199280966297e+00
-3.621623164281671858e+00 -5.126299398828106924e+00
-2.712253748350500260e+00 2.484082425373228986e+00
-8.758143569924605742e-01 -3.737877452536135792e-01
