-5.175661259179285878e+00 -5.174774360112703420e+00
-4.103637375973741008e+00 3.659294905684177479e+00
-6.820438101382870322e+00 -7.092329542669896014e+00
-5.617256548930698479e+00 5.406194509047312913e+00
2.046325219677834539e+00 -1.181367005744310417e+00
-5.351937411493681296e-01 6.572688069532265587e+00
-4.120165952311110047e+00 3.844426011386539166e+00
-3.716942471245962665e+00 2.664487793243210056e+00
-4.130901161994072979e+00 3.955240555434487604e+00
-1.966999533819437929e+00 2.529499521937578876e+00
-5.236658366701179901e+00 4.544320014364143567e+00
-3.491888604369653759e+00 2.151485468403381951e+00
-3.186923053860704957e+00 3.089768281880020506e+00
-3.259726588316803841e+00 1.052403408233009152e+00
-2.030712972955948992e+00 3.629408818984998231e+00
-3.905959542091105519e+00 2.679008597890465637e+00
-3.549833678927008407e+00 2.546812765583519322e+00
-4.491978039899444219e+00 4.018940380901442566e+00
1.507614720676580533e-01 5.613340963871385370e+00
-3.223812512810459552e+00 -1.449024688874019695e+00
2.731035012640062209e+00 -9.155544463085215634e-01
-3.090957331694660581e+00 1.207678994563835762e+00
-1.830228755054820411e+00 1.419762898076152968e+00
-2.410949643487616090e+00 1.666668361217032324e+00
-3.470062521109650522e+00 4.661713312661474262e+00
-3.494409432643208024e+00 4.538540490264173499e+00
-2.389108373141036523e+00 2.805010849503196901e+00
2.300861270928767688e+00 -1.394748195728397588e+00
-3.585723064152830819e+00 3.981892977234617881e+00
-2.788730789252845899e+00 1.612523651016630311e+00
-2.303337170510869392e+00 4.566529977418113617e+00
5.333303156919892984e-01 6.538743308445289060e+00
-3.835543776001503424e+00 4.741472593903688804e+00
-6.544527684180103222e+00 -5.850755333040643436e+00
-3.832540432958938759e+00 3.840046449803570905e+00
2.876006218993417018e+00 -1.982521140888112487e+00
-5.212797152901176290e+00 3.139637192439218349e+00
-4.239493569533725470e+00 2.957604399769584003e+00
-2.087777086164427143e+00 2.664018011316746648e+00
-3.501586052981450425e+00 3.343669908983342154e+00
-4.315174683639113051e-01 6.235538337627220429e+00
-5.102212149567250776e+00 4.998459397800484538e+00
-5.067563157366052451e+00 3.707208378472425014e+00
-3.866670565770566004e+00 3.357317048728847730e+00
-3.439615211606096512e+00 3.838787185626571841e+00
2.317705163302821170e+00 -1.554982734270103251e+00
-2.512149678182052703e+00 1.488221238222400045e+00
-5.455483131948577480e+00 4.931647690722488875e+00
-2.181220481290953028e+00 1.830181147173384648e+00
2.372810334787746722e+00 -8.527870077157749806e-01
-4.312362463330924101e+00 2.730455751206201320e+00
-4.058188177416568010e+00 3.522300254004357090e+00
-4.260185874202337963e+00 3.210040494781742471e+00
-3.137271265081027938e+00 4.172022232899197824e+00
1.274395835856507730e-01 6.445436538633161128e+00
-1.909560205495536067e+00 1.101781385375546707e+00
-4.665644971059761836e+00 -8.571776918438782644e+00
-5.126952754460889494e+00 4.826099697567909352e+00
-4.561939156726523947e+00 3.852852845770780910e+00
-4.125474530270039963e+00 -2.462606337445354399e+00
-3.702952124422496105e+00 2.775028069907053307e+00
-2.634833796727316546e+00 1.563292523188430039e+00
-4.219739088315766828e+00 4.380855068421356968e+00
-3.604048165943891213e+00 2.393692753124094352e+00
2.978096948126986554e+00 -1.328961513490620305e+00
-3.875685221387846546e+00 2.632745705092345290e+00
-2.433179629715103598e+00 3.552278138375221772e+00
-2.530675571194780815e+00 2.489097864294789630e+00
-6.665709078670048471e-02 5.966344041353726979e+00
-4.710711173127474893e+00 4.466646399129558631e+00
-2.599415030736214050e+00 3.553562844541987786e+00
-3.143500425489205163e+00 3.944513024657342104e+00
-3.471673364062049405e+00 3.897292230085077414e+00
2.298956335888634239e+00 5.853586547407889640e-01
-4.012254837254487505e+00 3.207406348631062887e+00
-4.013621517298399333e+00 4.059771865687088699e+00
-5.267266044713021067e+00 2.391867847697665361e+00
-2.545616245963999269e+00 1.973840131706204204e+00
1.265957602240631585e+00 7.717517385050207679e+00
-2.165477734440033331e+00 1.732545682201042325e+00
-1.837255122495514259e+00 -3.088882952760436673e-01
2.277972694207587079e+00 -1.452842530726072834e+00
-3.302608663635768771e+00 2.890668005808705310e+00
-2.092292904853108926e+00 1.852323062409677590e+00
-1.037685245320258964e+00 1.534322682187823084e+00
-1.168440574516178554e+00 7.196268329481414483e+00
-2.832774520309358834e+00 1.092645372308144847e+00
-4.111569949649615197e+00 3.121003075445539121e+00
-3.480507037984531316e+00 2.552958138893087980e+00
-4.023461566002337619e+00 2.979763824698142383e+00
-3.495416281151804583e+00 1.293834671968509653e+00
-3.486403887655149081e+00 2.941126163562591600e+00
-1.108534801812895099e+00 6.972673988983904003e+00
9.132510978639856170e-01 6.713901811176581802e+00
-1.641975499103628611e+00 2.534301798408529649e+00
-4.571965560050621491e+00 3.520681070074752839e+00
-2.423124194206814686e+00 2.311943337653008079e+00
-4.126916201365453674e+00 2.805888292596825817e+00
-4.946193734208256032e+00 4.610228089314285072e+00
-3.668641991586654605e+00 3.359292727299838077e+00
