-3.411159050966882766e+00 -7.380050963755412141e+00
-5.018866580587191706e+00 -6.112429417183612657e+00
3.071454760802053929e+00 -1.426759258192437319e+00
-4.924248583075359065e+00 -6.811581173015150092e+00
-3.714994728332936980e+00 -7.634519647181662982e+00
-2.937046301563190465e+00 -3.980003050927787722e+00
-4.408398835231018831e-01 6.315063331135333691e+00
-4.524138206053126332e+00 -3.569579337529209084e+00
-5.146042091805555607e+00 -6.065188523771054996e+00
-4.108215564837884415e+00 -4.790578180487925053e+00
2.805838412772024171e+00 -7.259011203648113586e-01
-5.117514740733034806e+00 -4.962184781784927168e+00
-5.074205455484149141e+00 -6.675819359199280711e+00
-3.177867232995598812e+00 2.359385342059063362e+00
-5.765238551403623291e+00 -6.641294312153731560e+00
-3.289972664572885730e+00 -7.051675584801792240e+00
-4.411535767089793225e+00 4.552255987066642362e+00
-1.349886542119200783e+00 -3.958655987506821905e+00
-5.221707662514113224e+00 -5.485615730147821445e+00
-7.691715674321053520e-01 5.258751660669078731e+00
-1.209570533652595037e+00 6.190011016835191171e+00
-3.747154082777364170e+00 -5.435834688205666509e+00
-5.110574649535258196e+00 -6.800605960532102756e+00
1.530491042085872611e+00 7.097265523708218282e+00
2.283398551808189847e+00 -2.239148487018248757e-01
-3.900135576744511390e+00 -4.933057967673679656e+00
-1.114773662523983688e+00 -6.197938021858574231e+00
-5.256796165222898054e+00 -6.259739744229655400e+00
-2.808325041397394806e+00 -4.012766524412158198e+00
-3.841172141607611668e+00 3.719609068237058391e+00
-5.152410996738050919e+00 -2.564380121582314764e+00
-4.812219852129022257e+00 -4.943977875357920659e+00
-3.197874394935276143e+00 -5.687480049901052936e+00
1.091012732460771240e+00 -9.823326109925494265e-01
2.347141109764772526e+00 -9.872617195613008212e-01
-1.448371389031934964e+00 4.215008956326766310e+00
-4.085068511879089925e+00 2.076197030705036806e+00
-2.439193522966319971e+00 1.456506242713726973e+00
-2.287865171336027625e+00 -5.000746560488749104e+00
-6.748685991204695256e+00 -5.435650021061249504e+00
2.467318709645281327e+00 7.224962046040478647e+00
-4.628879304005505624e+00 -4.948975192862366868e+00
-2.116257366379276306e+00 1.897678522460612527e+00
1.439046251896691331e+00 7.719687112020594100e+00
-1.131774285108965383e+00 -5.272245278945211666e+00
-6.302230202510311408e+00 -5.836056950890725403e+00
-2.252077664652504807e-01 7.450593534083107095e+00
2.270090907768996580e+00 -9.133556214955309560e-01
-4.606502100620852858e+00 -3.478669370517641912e+00
-3.174360291209816332e+00 -6.125001315119926737e+00
-3.040461699524130701e+00 -3.448970759566580835e+00
2.074609959727885755e+00 -1.590165177801164731e+00
-2.467053563629860058e+00 2.244517930012757567e+00
-5.542008270590703667e+00 -4.036719303726036046e+00
4.177588873088057042e+00 -1.550103192524873830e+00
-3.794887972548333988e+00 -4.830970546004871302e+00
-4.152668627900879983e+00 4.681868838768969532e+00
2.881886491364465952e-02 5.701568588164831475e+00
-7.876826792859231041e+00 -1.017062084656151910e+01
-3.839398650432208626e-01 6.384136612613267481e+00
-3.955431090322495180e+00 -6.604344725098229674e+00
3.329520612648872557e+00 -1.332474655881763947e+00
2.776601592753195291e+00 -3.422771312073420447e-01
4.127869295215822909e+00 -2.052405650734121512e+00
-2.748116088258087508e+00 -3.635264618822414029e+00
-4.121261635086349351e+00 -4.700651136629310223e+00
2.680896245429165159e-01 7.205492291466489618e+00
-4.464108277696520410e+00 4.020436690122647150e+00
1.219725717225736084e+00 7.387862557394099916e+00
6.123242251267406733e-01 7.690615760786826627e+00
-4.207660872991433543e+00 -4.819011226172038143e+00
2.817153653258562152e+00 -1.819586415718597028e+00
-4.069063666828492742e+00 -6.508686508202787380e+00
-7.783072619652250168e+00 -4.241726130399316119e+00
-8.936354885468604792e-01 5.865978405013502872e+00
-4.686539155251590039e-01 5.759707277980494311e+00
1.104804765113487630e-01 6.759435876286794986e+00
-6.433757117829783212e+00 -6.479779824958294299e+00
-3.388871463309382825e+00 -4.201621405404565301e+00
-2.137894929302651015e+00 3.092821669235923387e+00
-3.617003258184452896e+00 1.828566792092941373e+00
-2.705814651624552702e+00 -6.081787666216064814e+00
-1.048637193880025187e+00 -5.147937196795095538e+00
-3.688697849434118048e+00 -5.426147072444443609e+00
-2.831847283761844025e+00 -4.856598530419487858e+00
1.553040406054833955e+00 8.592842717907913652e-01
-3.170181331382424972e+00 1.958424558806493243e+00
3.876630951843139883e+00 -1.017531817199043065e+00
-4.116646116212161921e+00 3.881756436110950670e+00
-4.211383589850553832e+00 -3.478320040845798822e+00
-1.609458635759957179e+00 4.057370835322718250e+00
2.783203038723548683e+00 -1.092250821110552383e+00
-3.642990690247840835e+00 3.507398313034931991e+00
1.981812970825977960e+00 -1.451069756315167103e+00
1.703045865115207502e-01 6.411270549597435142e+00
-5.845317203616106738e+00 -5.862764429714576231e+00
-5.528900400514071833e-01 -4.553807022940365989e-01
1.727802679231860594e+00 -1.716282433319783696e+00
2.458976912893120925e+00 -9.471859148448418253e-01
3.104903214104528519e+00 -6.050238603974328333e-01
