-2.282645898049727506e+00 2.017005568191079679e+00
9.881630392780840211e-01 7.776324849502347369e+00
-3.177391460813574930e+00 -3.713550465906332754e+00
-3.029106553262953305e+00 2.231378987123652458e+00
-1.467558791326419199e+00 6.082584000654386536e+00
3.412390739349672408e+00 -8.617402596477174992e-01
3.374299874572350255e+00 -2.164511531797202792e+00
1.078647184856600383e+00 -1.747826420984848417e+00
-7.548424850093505833e-01 5.359836736657178413e+00
2.449496080018878086e+00 -1.657012059534207271e+00
-2.851562172113335514e+00 2.063590490880792494e+00
7.740334456014168474e-01 6.529000501615334962e+00
-2.579580640766200084e+00 -8.916168590862298515e+00
-5.649297389454225105e+00 -5.369497921408508567e+00
1.932208034721077272e+00 -8.733083407956107047e-01
1.717423507040263253e+00 -2.218400108943435534e+00
2.410703960344194652e+00 -2.609807169874889254e-02
-4.010910263122243968e+00 4.231123183661477327e+00
-5.711718624196386429e+00 -7.114262145048553698e+00
1.839376509398983561e+00 -9.283041137285986677e-01
-2.253881595194722753e-01 7.296140891619407931e+00
2.620558515029774327e+00 -4.435853508029575787e-01
1.098369532451086039e+00 -9.870143013394315767e-01
-4.789365011159137708e+00 -5.226850331785650283e+00
8.410263434266842530e-01 6.650504531568891764e+00
-3.001616069568052048e+00 -5.494575548573945589e+00
1.832063152933528505e+00 7.689753569034664338e+00
2.434761189327578013e+00 -1.442449528854706342e+00
2.931164649356977625e-01 6.232308777608642103e+00
-5.254195190241981450e+00 -2.784127359124583201e+00
2.773055265837625072e+00 -2.006197926030758527e+00
3.969789627706362678e-01 6.993110176676137435e+00
1.735690629983881905e+00 4.825763213400915408e-01
1.261223159417231177e+00 4.914170107996085335e-02
1.785689627518949774e+00 -1.048491768304654848e+00
-3.932330494280550592e+00 -3.586921794962600885e-01
-3.387641538940174168e+00 3.590530237051641649e+00
-8.936022391133059406e-01 5.844289281491704457e+00
3.473338764066124185e+00 9.495791090057719153e-01
3.013070515977783526e+00 -3.329190225975425799e-01
-4.904385009849633548e+00 -5.494700627741796239e+00
-1.249765353656172140e+00 3.474634937931377010e+00
1.489066132577421930e+00 -3.648355034409145325e-01
3.165502228047742950e+00 -9.945110411684016105e-01
2.530924637826127643e+00 -1.171369720546718174e+00
1.161913476242428578e+00 6.819151215460124149e+00
2.780522893596699241e+00 -1.866270070906132172e+00
2.550792384309415350e+00 -1.177112398677651273e+00
2.831171885996105253e+00 -1.451655436991345915e+00
2.360566292746878236e+00 -1.924633983170562335e+00
2.433450052311724399e+00 3.410624654887699503e-01
-2.322955299392238437e+00 4.774097274458051210e-01
1.804326221374235484e+00 -4.430819708689397451e-01
-5.477823350555471649e+00 4.755877336293000468e+00
2.862182031446736108e+00 -1.395356639945671162e+00
1.459919802503961916e+00 7.398243839154915236e+00
-2.690196286910136347e+00 1.893265923083000457e+00
2.586918562955882628e+00 -9.646967209629796480e-01
-1.615599510337166755e+00 -4.863350787572304768e+00
8.157557420757510780e-02 5.817351258783845402e+00
6.112564549077261766e-01 7.365997603825290341e+00
-4.206849548348060353e+00 -7.750529914246494734e+00
-3.061479796790600005e+00 -6.731633928833070435e+00
-2.280351979198232293e+00 -5.392022207595967842e+00
3.269264711558820480e+00 -9.263501776285053557e-01
-4.874816942223979765e+00 -4.533997451657633349e+00
-8.189200475934548251e-01 7.145087775398005547e+00
2.072214573304636431e+00 8.515877680288678420e+00
-4.181429860913665308e+00 -4.630470062480850579e+00
3.961382776528692418e+00 -2.164931558978471671e+00
1.110760465559223809e+00 -2.218279230509391020e+00
-1.683198451103061544e+00 -6.120643740578947778e+00
-5.620131539544264143e+00 -8.591777936621662448e+00
7.806231941951721209e-01 7.191207541158116889e+00
2.399784464573609721e+00 -9.717925329506476029e-01
-1.178650518170760025e-01 6.630365322465548772e+00
-3.727249671805006326e+00 -6.341916677867889263e+00
-4.332497878102682165e+00 3.680326019410108174e+00
-1.628898076035086184e+00 -3.501647403142535975e+00
-5.513686046820829745e+00 -7.548329090381307616e+00
6.654263147894283748e-01 -1.871412605384170869e+00
2.112631662608877470e+00 -1.262334445048334031e+00
-1.234436170800371269e+00 5.533438126813528868e+00
-3.960456943829583132e+00 5.832394384366086371e+00
-2.230705475921502590e+00 2.310749207088877544e+00
-1.744416718590052984e+00 4.358567416209819356e+00
-5.602716210762927140e+00 4.287695664885085023e+00
-1.124151428180575119e+00 5.358504276502717545e+00
3.327696585602906154e+00 -4.424686466022643705e-01
3.568253021438872352e+00 -1.330619844268830843e+00
1.508567635291063080e+00 -1.861392745036998031e+00
1.269308873537963844e+00 7.174318279273672161e+00
-1.127870457431726203e+00 5.276970229687369951e+00
1.208394231714114975e+00 8.336143234456169893e+00
3.109058368207564094e+00 -1.106043404329356994e+00
-4.991117735781637199e-01 7.149971519192649616e+00
-1.112168818251649149e+00 -6.471888140855630134e+00
-4.207969365576055054e+00 -4.113969492605826339e+00
-2.996153594207577875e+00 -5.778645847881676900e+00
1.269161986961424571e-01 7.093589410390404915e+00
