1.849550418236481031e+00 7.862757229574287798e+00
-2.302546838164239995e-01 7.976646838199402900e+00
5.708721825996576626e-04 7.563767913953573618e+00
4.260901065516258246e-01 7.309707731744124359e+00
2.887449723296531712e+00 -5.366876170346172037e-01
-1.604525980327972334e+00 2.006770546902235886e+00
1.731396310612969502e+00 -6.984584200037735613e-01
-6.890397076721074932e+00 5.060837222445472072e+00
2.306280388605917331e+00 2.115130269792093731e-01
-1.688804431052551847e-01 6.470884977291112783e+00
-3.150339942956022821e+00 -5.276102362431498882e+00
-5.331678621445169242e+00 -8.471194702335889559e+00
-3.736920200996181496e+00 -6.193758309154109298e+00
-4.580990226111928187e+00 -5.953454125863003377e+00
3.296569078917646056e+00 -2.546563823525692882e+00
-6.419351743118477671e-01 5.815118097603871661e+00
-4.338909483537143785e+00 -7.981856149768340458e+00
1.783626751045059411e+00 -6.904780017125904390e-01
3.395769569751168060e+00 -1.366337936323122282e+00
2.477454217329075892e+00 -6.573345035756659183e-01
-2.052202249590666661e+00 3.038141200325406910e+00
1.992542325055229213e+00 -1.290192932789710589e+00
2.217097714815294829e+00 -1.592597976529317005e+00
-3.308104793067607741e-01 6.516713767770448307e+00
-1.657271176321046591e+00 5.980731897530848329e+00
3.083272449742029409e+00 -8.968136713940714211e-01
1.829335227574311773e+00 -6.950690044517007227e-01
-5.306195723772822781e+00 -6.368274497146622970e+00
-5.346858574685036114e-01 7.063336288482876313e+00
-2.173083229184836540e+00 9.236763566021015670e-01
-2.010536215386362069e-01 5.205328662826103070e+00
-1.995502096702243655e+00 2.194700411445353438e+00
-2.638720574339742164e+00 -6.378734311989030736e+00
2.666619982461488014e+00 -2.186887708130297314e-01
-2.650378123195609170e+00 3.578055390622857601e+00
4.527542005261496194e-01 6.787707838081500356e+00
-4.308452916476166600e-02 6.280264372347770241e+00
1.483612001211413123e+00 -2.244826334735909867e-01
-5.605322504746054868e+00 -5.813692926046938325e+00
4.038353621184308295e+00 1.844118331475395056e-01
1.817247439724712477e+00 8.311656429156636605e+00
6.952550474158429861e-01 6.552979187367177438e+00
1.507461703050450297e-01 6.635672278719116690e+00
-3.435361703266555988e+00 -7.149101185876292064e+00
2.788341813691215698e+00 -6.734815045627216001e-01
-4.274616842202169642e-01 5.745578324137566639e+00
-1.389619808593097972e+00 -6.046130163672218671e+00
-4.693523884980288052e+00 4.032057066772838816e+00
-1.444632708352256323e+00 5.366819361933783838e+00
-2.478261190440772754e+00 1.490322833192570640e+00
2.570022882622214233e+00 8.127957162167813721e+00
7.518873979181894818e-01 6.033984289794182665e+00
2.034661602330089192e+00 -1.430267162478659149e+00
-4.438561287214240814e+00 5.090132068641555207e+00
1.050976967265562889e+00 -1.504940174198272196e+00
-5.721202978616653390e+00 -6.156730067116651384e+00
2.656399468220262072e+00 -1.377283466838260972e+00
4.673195641554952484e-01 7.484441303479837160e+00
-2.153300560238061934e+00 1.317799587676149020e+00
1.699827722088348203e+00 -2.235816877422089455e+00
1.259074028635939646e+00 7.360136076870160693e+00
-2.146290469066697071e+00 1.790353982088478180e+00
2.586679639010543319e+00 -7.906652184900847535e-01
1.857272268660927095e+00 -1.551639822200160612e+00
-1.897812901528458163e+00 4.144384059944243859e+00
-1.351965075195872501e+00 6.484408388784488331e+00
-2.927593127811236151e+00 1.737856125163198318e+00
1.908349602886949326e+00 2.344116763253887292e-01
-4.289125614898258165e-01 6.049529442372877597e+00
3.776433299045339753e-02 6.954658128042854770e+00
-3.411537916516188318e+00 -5.137547790167588779e+00
4.230588759424551704e+00 6.922235954911371003e-02
-4.297061939408271414e+00 2.538737912145309306e+00
3.379727676709690432e+00 -4.757890154219217571e-01
1.961772172449093521e+00 -8.933404020017743363e-01
1.381944997433735833e-02 6.740664443186054733e+00
2.917590183684318106e+00 -4.219210811362295033e-02
-2.323196897101257097e+00 2.047133102862380483e+00
-4.635844350401125524e+00 -1.077215217865290242e+01
-5.433917500739164907e+00 -6.018972663549079449e+00
-2.749449703047673665e+00 1.318561591845364589e+00
2.625205230372300580e+00 -8.142551710397794018e-01
2.364674199086467699e+00 -1.611130937782001338e+00
2.065710819186625802e+00 -6.671599629908595563e-01
2.711168247164633893e+00 -1.503713527271210104e+00
3.695587635593095222e+00 -2.655988020010826123e+00
-5.093221414855046092e+00 4.585689965179520655e+00
2.393695537930435435e+00 -1.238232703521382705e+00
4.037077564288939158e+00 -1.367824418956583576e+00
-5.220046388806304449e+00 -7.699636491703770957e+00
3.307395624731645167e+00 -4.292883435843696249e-01
-5.088396067695375891e+00 -7.575045933092583006e+00
-1.719015603015463522e+00 5.143597653895426447e+00
2.022948769239593325e+00 -1.042053837015636919e+00
-3.945610387459614010e+00 -6.721608342037249884e+00
2.919112819067364306e+00 -9.292623303642708610e-01
-4.110885198471180502e+00 -6.240276356875840591e+00
1.172458245988204251e+00 8.611949637325864160e+00
2.274291886716864663e+00 -1.780523732537897530e+00
-6.969067792017453300e+00 6.492733667521930485e+00
