3.946544993033920257e+00 -1.441902371272578698e+00
-4.367609564888789819e+00 -6.434880715168056042e+00
2.187729219729809049e+00 -1.376027915604319363e+00
-2.016096208499546627e+00 -5.494834092348671817e+00
-6.946610937915846051e+00 -5.500550963269301263e+00
2.407714588501872921e+00 -1.907556408096056089e-01
-2.397314759902859915e+00 -4.220904409451931905e+00
-8.204851126967479757e+00 -6.094079767255190738e+00
-4.754400945932128586e+00 -5.734833034394951845e+00
-4.829298689228866515e+00 -2.393653885143236515e+00
-4.682889516820849529e+00 3.884772756631249546e+00
-1.832595278468563738e+00 -5.240587218752937204e+00
-4.474049399259249604e+00 3.565369465577556518e+00
-2.795087464399943933e+00 -6.013245744955808547e+00
-6.181487512923762306e-01 5.215757759524752402e+00
-2.383127364584316510e+00 2.388977572917212466e+00
1.107663462195966009e+00 8.278131346894868514e+00
-2.831724932294980679e+00 -3.239019620862187310e+00
-4.505545586317309947e+00 3.812654587003837747e+00
-4.203614304802871793e+00 -5.702457143989445143e+00
1.736593422451017554e+00 7.633407460341551598e+00
-2.795837559783107551e+00 -6.201094534592173524e+00
-3.394542490295406445e+00 -8.494395124124434204e+00
-1.699427303142677204e+00 1.589672026640621016e+00
2.106997752280145519e+00 -1.263734139247664867e+00
2.762058682807722931e+00 -8.609056679763749109e-02
-2.677030894639197189e+00 1.896979729840414741e+00
-4.108805664690946102e+00 -3.628477082899367545e+00
-1.359011571000943164e-01 3.694497233699128635e+00
-4.236706432869707939e+00 -4.711813605922334780e+00
-2.799681241976081481e+00 -8.507971199030382792e+00
-2.797364099497527512e+00 2.510610270647383846e+00
-2.741273113061089006e+00 -4.566797859114156921e+00
-5.483995072505694068e+00 -6.983653569562374486e+00
-5.202886505283073504e+00 -5.758503643951923046e+00
-3.041239602831506073e+00 -5.870800514992914998e+00
-2.029100311155338510e+00 3.148234589706984110e+00
-2.872455222295917210e+00 -6.682511726804190921e+00
8.381500213841375224e-03 7.368239971233567331e+00
-6.278173648031109444e+00 -6.225700239971931005e+00
-3.782072596218427396e+00 -5.385960935658322235e+00
6.259135883197364247e-01 6.856758883162639151e+00
-6.128611679459718076e+00 -4.344820871106031213e+00
-3.509020559565399822e+00 -4.308018339351021631e+00
-3.870180352212035491e+00 2.961362729437003960e+00
2.467569599191031582e+00 -2.363564507305029316e+00
1.128142354881376264e+00 7.860695654984638736e+00
-3.239900665873359564e+00 -3.032576140881991122e+00
-3.543392875005303200e+00 -4.236392298037163329e+00
-1.545473028541076932e+00 2.865112665009962090e+00
-1.618405879417366133e+00 -5.022769747708528243e+00
-3.117823928342335016e+00 2.233611173325659394e+00
-4.298886215200662164e+00 -5.238206591261533873e+00
-3.562162575769207251e+00 -4.802423845220256560e+00
-5.720356293382719670e+00 4.630826004496667814e+00
-2.943818142818037220e+00 3.257964868977829997e+00
-3.879663606150383526e+00 -4.423130843551017932e+00
-5.971368271805426176e-01 6.424294442428121421e+00
-5.424434673218201830e+00 -5.599308564582063497e+00
-2.944554926105084292e+00 3.142718564468372833e+00
-4.627604664107026089e+00 -1.951723886077853187e+00
-1.852818352238086774e+00 1.899342539619987891e+00
-5.216272633379727353e+00 -8.055966793904257628e+00
-2.907320252735944077e+00 -3.761223027377531558e+00
2.327967539744593140e+00 2.190192981460747923e-01
-5.409382142960171613e+00 -5.980476511956527297e+00
-4.249263172840879399e+00 -7.421257148494637690e+00
-7.403564990340753660e+00 -4.717467490864980739e+00
-1.862867246670179000e+00 6.432978876295778470e+00
8.773559057111054438e-01 7.075997700759167230e+00
-4.589271503419585230e+00 -5.025526563163734473e+00
-4.079193927959210875e+00 -5.863133066618377853e+00
-3.260524929788246595e+00 -6.946047990270827199e+00
-2.709351943518588435e+00 3.329264402805242717e+00
-5.917596073605553286e+00 -7.491278952929532942e+00
-3.605391340017648272e+00 -5.940740512060100009e+00
-4.339012314834146622e+00 -5.178292547638843502e+00
2.573552201908151815e+00 -2.195682399096000381e+00
-5.338216757917185973e+00 -6.950248132137806678e+00
-1.854068667509154444e+00 -6.395964006315705497e+00
5.287139529319400122e-01 6.139049894191876966e+00
2.864133913480837457e+00 1.175559595198241158e-01
-6.108743557109414191e+00 -4.723042057469470478e+00
-5.849663240073333270e+00 -5.840677863261893421e+00
1.995733784606831485e+00 -7.966160784905063075e-02
2.916231008449396533e+00 7.027523764137127316e+00
-5.124980264379174422e+00 -6.000925298174367484e+00
-6.361491485229581855e+00 -7.953148013815357409e+00
-4.650825285153124433e+00 -2.764775880816049192e+00
2.606370254246975215e-01 7.173574364981476492e+00
-3.647065482975298423e+00 -5.893892852952725470e+00
-4.719297708381454015e+00 4.527087289679482929e+00
-4.182404305010741119e+00 -3.262267776115765461e+00
-5.064626281398924013e-01 6.375076487098472633e+00
-5.917753375589352771e+00 -3.353429627952903669e+00
2.395149341213488992e+00 -7.865945697600380537e-01
6.259772135517063241e-01 6.855131962250465172e+00
-4.560333019598002302e+00 4.275593752401281478e+00
-6.276800554855694436e+00 -3.106772147492173453e+00
-5.107337479688082382e+00 -5.429006381207465814e+00
