-1.661496392263773769e-01 6.963439479671962751e+00
3.250578563032326396e-01 7.455571038829113206e+00
-1.177376315497923542e+00 4.753871881488248796e+00
4.443729047200294380e-01 7.334616794774838411e+00
7.606157692917068225e-01 7.549626673766090867e+00
-1.082721309439610424e-02 7.506356959876540280e+00
1.100054265704732970e+00 6.962540820159541788e+00
6.180049981718175323e-01 6.938496035029555031e+00
3.182057238885350081e+00 -1.799615811976465585e+00
1.790010403197424438e+00 -1.717171207142733191e+00
-4.930883886085262735e-01 6.176961548648326250e+00
-8.110361152289502495e-01 6.111663108573857528e+00
2.184322868006514096e-01 6.463224235839009957e+00
7.510644619639050834e-02 5.544265831800782252e+00
5.341442205924507025e-02 8.268522108447600161e+00
8.002475799426145286e-01 3.378962070300530751e-01
-8.463135735735888288e-01 5.726685945343239936e+00
-1.011511214361923372e+00 -5.202692836308019153e+00
-1.244079270709421259e+00 5.328430646581134411e+00
1.440274091972250314e+00 6.527744630280476912e+00
9.653853340737792443e-01 8.352864973020258432e+00
-1.488586948365657747e-01 7.946171304396116852e+00
1.045095422230623017e+00 -7.317604056600778284e-01
-2.900861803713078224e+00 4.162656899253460274e+00
-1.114362313145806915e+00 4.012840186797914654e+00
-3.689856153603804589e+00 4.513548275560470557e+00
-2.877598587475522218e-01 6.497519201818480639e+00
7.270643322137322340e-01 8.119446362184234545e+00
-7.848045576636624165e-01 5.678346567996548799e+00
-2.190561209555523359e+00 5.179483938726441750e+00
3.019570170892279748e+00 -1.090616093196063563e+00
1.317669975483850786e+00 7.408126163072275894e+00
4.847702152947353516e-01 6.684933976284995083e+00
-3.583335422868259013e-01 6.076609350089975159e+00
-2.262362962420354950e+00 5.164213353253512828e+00
-1.387196681851410762e+00 -3.802979188049489423e+00
1.308011733644351970e+00 6.220632673595068773e+00
-4.070350332501618262e-01 4.736338774990600520e+00
2.659438217042315422e+00 -1.803295362613962283e+00
3.242989478706796547e+00 -1.087403239362757290e+00
4.073084466078795707e-01 7.122279698312668827e+00
5.933933107163521514e-01 7.740832525694363753e+00
-5.828044066258355471e-01 5.502410603387600574e+00
-8.806516742011309962e-01 5.350301372452998194e+00
-1.362384564380980656e-02 7.659947725978556221e+00
-3.359152217628920134e-01 5.875098368908506785e+00
-1.168132670319523836e+00 7.352479038952291823e+00
-5.114208874151626283e+00 3.954804051339677162e+00
-3.705494630514091892e+00 2.866486017446447487e+00
1.005631176950186612e-01 6.860774917128414252e+00
9.193309525966484319e-01 7.370156979209743220e+00
-6.424427780144753575e-02 7.322619215931619685e+00
-3.201887865693497481e+00 -6.353361272105635393e+00
2.763736636410094150e+00 5.114784240832048745e-02
1.997882895717234319e+00 9.143958210117348884e+00
3.220966647917307135e+00 -1.490346350187324642e+00
-2.192080134708454253e-01 5.630732981865668840e+00
3.047983717319249219e+00 -1.149502578526015784e+00
-2.772656065702460149e-01 7.954229350470610527e+00
8.268071822791067671e-01 6.981806649147812571e+00
4.721153806061753055e-01 6.970627877551188512e+00
1.972105798988094127e-01 7.636519659593457909e+00
1.933019428348666802e-01 8.049378247046467649e+00
-3.065318415939486396e-01 6.536294727710315833e+00
-1.555987960505883061e+00 4.761705101984341049e+00
1.239001813277961439e+00 -1.705684950372534869e+00
1.437041195896705537e-01 5.918171331562346538e+00
5.071102507330194076e-01 6.146053602568975371e+00
-3.530011996818456232e+00 -6.743895827043643543e+00
-3.041530911875411913e-01 5.732532872074841634e+00
1.027484202294099980e+00 -1.388110467202927634e+00
-5.408641787240580534e+00 4.671389396998351984e+00
-3.278901589011704587e-01 6.236093559428356414e+00
3.569664622540508203e-02 5.619230276289837178e+00
2.340905326484855387e+00 8.404051582641246299e+00
4.388915118589650222e-01 5.956299740136943299e+00
9.980558614925127969e-01 6.404077187840116814e+00
2.039271193880384248e-01 5.406002369242242978e+00
-5.232185996138605688e+00 -6.069352636124845546e+00
1.506629826178987441e+00 -3.244529238732964949e-01
-4.593480222746346264e+00 -5.079817424004740900e+00
4.436089621961161189e-01 6.358688200459985396e+00
-8.878292658728420550e-02 7.311263115936796453e+00
1.796494241299636974e+00 8.118187816523183997e+00
5.269328263725149286e-01 7.324119160211940205e+00
-1.161462885546311385e+00 5.554811619127873357e+00
-6.969417070133284708e-01 7.159435354253110617e+00
-1.740346904975477615e+00 2.286511301780204786e+00
-4.002224517293026196e+00 3.079442477035468695e+00
7.135369507372943954e-01 6.030890612862208400e+00
1.565742321805490000e-01 5.876785679049540079e+00
-3.697710162965401892e+00 -3.856939385334113624e+00
-2.056420792399396014e+00 5.208487136733754852e+00
4.167280337522935585e-02 6.538797138636893713e+00
-4.361634753444711521e+00 2.813385997539956662e+00
1.805289175153730552e+00 -6.202351278457159944e-01
-1.231951075260891093e+00 5.367578182994646063e+00
2.564724813086998623e+00 7.739970639206893210e+00
7.688215372960645055e-01 7.614831255443101021e+00
8.326879416874759521e-01 -1.563678064287647995e-01
