-4.350134622843481402e+00 -4.210382029327445430e+00
-4.962553833202889564e+00 4.896427839563543216e+00
-1.944737992290001660e+00 4.479874895898685594e+00
4.109005345170509749e+00 -1.035676341164685654e+00
1.677178455085778896e+00 -9.475713521555602092e-01
1.916764272964243343e+00 -8.427540794169721128e-01
-5.833906935671494765e+00 4.045086495944761218e+00
7.827046964967634413e-01 6.844166685003230555e+00
2.255120128728555606e+00 -2.784473462148449041e-01
1.855498793968505700e+00 -1.894649539457305742e+00
-5.358371895545696262e+00 2.102645213283271364e+00
1.588158035658580713e+00 -3.720339830075998222e-01
2.170114848010430642e+00 -2.448245576220123176e+00
6.563677142270504250e-01 7.218929074456336359e+00
3.432455676210524942e+00 -1.198796769845482890e+00
-3.955673723953280430e+00 2.974938676659791170e+00
-8.744495132022397366e-01 6.287467627850512386e+00
1.744505207340564912e+00 -8.095174817341502793e-01
-4.025423667498039038e+00 3.870091232688466221e+00
2.411608475947257801e+00 -2.328559849495410727e+00
1.580888380808970428e+00 4.003125282284134556e-01
2.984096067265733510e+00 -2.835552115589408118e-01
-2.446714366807528851e+00 2.280494923395806950e+00
-2.071023989379560337e+00 -7.760497597321408314e+00
2.032647623128868375e+00 -1.424001894828594184e+00
1.744278712491897698e+00 7.351716412373144216e+00
5.153457536991845611e-01 6.979591927241463267e+00
1.765596184144763603e+00 -7.980026983385020145e-01
-2.300888168984635218e+00 -4.751250693292671023e+00
-5.824486857784588745e-01 7.135924830333091329e+00
1.293137873016776185e+00 6.922103777976455596e+00
-4.996910659213626538e+00 5.163020594887166581e+00
3.299462377354616560e+00 -9.678654415875886929e-01
-3.661587018293344542e+00 -4.825431849652010996e+00
1.584154746614724552e+00 -1.041966964098081760e+00
1.753807271364497655e+00 -2.010454679281820312e+00
-3.147300681162306102e+00 -6.054874110727512360e+00
-4.248097653486733183e-01 4.646534892841442499e+00
8.342962008060554879e-01 -2.322233563891393349e+00
2.675607644634436344e+00 -6.855496528159266134e-01
-3.067388719773191941e+00 -8.021304056193098830e+00
-4.887104001712166301e+00 -3.813371223234447882e+00
-4.979689758618235373e+00 -4.855350025720853502e+00
-2.870479157328486686e+00 -7.323356884387699495e-02
1.895989255092134007e+00 8.917511487904203449e+00
1.081477176067985324e+00 7.210275345697668037e+00
1.692587436945466317e-01 7.644896329099707621e+00
2.223000441882152067e+00 -1.635709056857199029e+00
9.227105881421595601e-01 -2.058041852410646966e-01
1.869064596392506994e+00 -1.242893002303269157e-01
-7.451584979031007805e+00 -1.522280288160081430e+00
-2.087655100659419727e+00 2.621257496233870832e+00
-3.700990931916652293e+00 -5.709992401898638548e+00
1.942938676911133644e+00 -1.232317680643093549e+00
6.679394112073908651e-01 6.293995332250361230e+00
3.317432468470938645e+00 -1.442032538733383440e+00
1.861660300724132577e+00 2.533831536905086779e-01
1.753768766794849387e+00 -5.344492435876091463e-03
-4.817627008917622966e+00 -4.587206438005939191e+00
-3.698534209720306443e+00 2.273729308239439639e+00
2.278837801282374897e+00 -2.713632403615090283e+00
-1.058948883963003684e+00 6.550187615876797764e+00
9.342494412427420070e-01 -1.361593086503134042e+00
3.903988922993646860e+00 -1.106390737847673611e+00
2.784804475643569699e+00 -5.401025183127032836e-01
2.508279451653039338e+00 -4.239729925266777499e-01
-2.607532864802011296e+00 1.241745854840758945e+00
3.118155869681905390e+00 -2.329278632891651046e+00
-3.176551818899321145e+00 3.708607421851763064e+00
8.154628556829301989e-01 6.813704671455221629e+00
-4.331216486191116211e+00 3.885728676055467901e+00
-3.940349898120257155e+00 -7.850492066292403592e+00
-3.948242487172736404e+00 -6.895455621145770486e+00
-2.084566417350516510e+00 1.316520679381973702e+00
-2.816430109457123687e-01 6.375895687902826126e+00
-4.748524956991274415e+00 -5.467973164234677164e+00
2.581313585391964427e+00 -5.518693256892155397e-01
2.207955826762993734e+00 -2.433062038432947105e+00
2.251071201096304542e+00 -3.087153318866077800e+00
3.691484769659584053e+00 -5.829570013794289629e-01
3.709657960201083959e+00 4.398597589480912617e-02
-3.076460024853095110e+00 3.242631726883375087e+00
-1.119096622833687382e+00 5.982133631056710144e+00
1.782079258478535433e+00 4.997629371279699306e-02
2.017841071822789267e+00 -1.303620293759752968e+00
-9.998299185111082510e-01 5.743350858551949045e+00
-1.148422917844753144e+00 -6.809976585752368194e+00
-2.889240995708446835e+00 2.719543112845471011e+00
2.491252094905980208e+00 -1.261940310422061673e+00
2.074008064632745896e+00 -4.839557812320984809e-01
3.040106642894739863e+00 -2.688877359348866847e-01
1.414836651844914028e+00 6.505055975458696516e+00
2.505535644645199511e+00 -1.241045764633646353e+00
2.491083510526526990e+00 -9.908008801039500657e-01
2.422313888065970033e+00 -8.452170972587881304e-01
1.965823770912480395e+00 -7.384299236764340080e-01
2.544533570170751435e+00 -8.482916867331014021e-01
3.855236037796949677e-02 7.667051709435729556e+00
2.127983962409754071e+00 -9.042422287696642025e-01
-3.922637585845166530e+00 -4.199085056787358106e+00
