-3.960310610100858497e+00 3.585878084203937277e+00
-2.104476394660022009e-01 -2.845117917704899302e+00
-4.071655845602760060e+00 4.147873409411277024e+00
-3.175867088333315102e+00 3.960318273097262143e+00
2.972619330167233009e+00 -1.836384628392841556e+00
-2.325160120296404731e+00 2.379020102258564862e+00
3.834611538160258792e+00 -3.333107922220235775e+00
3.159645775651389155e+00 -5.750573067714437325e-01
2.592079541289170841e+00 -7.485274373476096255e-01
-1.887765767311470722e+00 2.473456167104044034e+00
1.493490868175513464e+00 -2.208657194142687352e+00
-2.853253820449699774e+00 -5.902559102814072034e+00
-3.100022308007808203e+00 1.339321779726364792e+00
-2.774581390714437212e+00 1.179695444543185534e+00
-2.510710386655148341e+00 3.186310187723240706e+00
3.210459980311102801e-01 6.674762337227838849e+00
2.174840129128969402e+00 -2.031267627831943035e+00
-4.683738021699053178e+00 -3.360761871971100767e+00
-4.983449406105366464e+00 -3.940011500555809398e+00
-2.664352217203137307e+00 2.976154081212987190e+00
1.092796881031594003e+00 7.647041667399314235e+00
-2.690054612931602751e+00 1.515147285245765696e+00
-8.054325457572787395e-01 6.163606425883189743e+00
-3.368622573736515413e+00 -5.130096720607998151e+00
-4.024490290080053434e+00 -8.458297985957040410e+00
-4.450718178378133771e+00 -6.032543096583061093e+00
-1.181052612861237527e-01 7.086789488077846144e+00
-3.247998597672130394e-02 7.293448108175250688e+00
-4.596430331212267184e+00 3.226751876318987744e+00
-3.453141906609646483e+00 2.474696500829699275e+00
-3.549426547466934867e+00 3.386594664961595225e+00
-3.971812312338613093e+00 -6.390666171668001105e+00
-4.168674373112269405e-01 5.878871666216100245e+00
1.782904221958255819e+00 -2.570185607312601483e+00
7.728333456467957330e-01 6.016933383235227417e+00
3.196769425737295833e+00 -1.702376493228696219e+00
-2.895430075972740269e+00 -4.391858311663826342e+00
-3.710514553159860895e+00 3.960888003000576418e+00
-4.430546542233090301e-01 6.651290514358720429e+00
-4.683779332670260587e+00 2.997001801869213278e+00
2.252993155105412093e+00 2.969791431465411691e-01
-4.243327671365036302e+00 -4.345854732734044212e+00
2.959881889388285447e+00 -1.882909176829163478e+00
3.331277152302714040e+00 -6.167238207214171819e-01
-6.739181170998085335e+00 -7.436478671860043299e+00
3.268445779565782860e+00 -8.193276171178478506e-01
-3.574872371955699624e+00 2.865832164335347265e+00
4.356639871424238919e+00 -9.063273022756463959e-01
-2.591051856443662871e+00 -4.835611156541790301e+00
-2.901363985367685583e+00 -6.062833601141009332e+00
4.224290231127882045e+00 -1.472343827430628860e+00
3.336018700402152426e+00 -5.207683788990526974e-01
2.984625353429001482e+00 -3.058167328101471405e+00
-6.841566008081192418e-01 5.731385011008226726e+00
4.121892346602002100e+00 -7.325171765738764940e-01
5.614039319443935305e-01 7.149086601182725431e+00
-1.251350561386380678e-01 8.356208006308317948e+00
5.593430326492973004e-01 4.947090160301961248e+00
4.591553348132001999e-02 6.034992442399781609e+00
2.838064297818306159e+00 -5.620155423162679353e-01
3.033134616194540722e+00 -1.153587111272038390e+00
-5.351764921748822346e+00 4.308068535522151521e+00
3.978936661052534518e+00 -1.588929938261782304e+00
-3.805954512130065304e+00 1.936289540361949779e+00
2.988514040945224437e+00 -4.466292631837817106e-01
-6.613357037233248414e-01 6.657421440173484584e+00
9.511156884693732216e-01 2.785628292310378118e-01
-3.689093879539572018e+00 -5.038401137980851985e+00
-6.877569120987190310e+00 4.883425371508481660e+00
2.755545466665224374e+00 -1.110223371428616490e+00
2.324172851284955765e+00 -8.242144543474002605e-01
2.910269166074205494e+00 -1.261054769726654534e+00
2.952875150461161002e+00 -5.625950852451431228e-01
-3.633126013235812302e+00 2.710323179035990737e+00
-4.939900936426830036e+00 -6.837242335304797969e+00
2.441504283241442419e+00 -2.037903724765391722e+00
1.905424808359515998e+00 -2.444214943101336246e+00
1.860069101487468179e+00 -1.176060623856284515e+00
6.072404924694208006e-01 7.101357660906194802e+00
3.416209738415379782e+00 -7.228044463945914044e-01
2.828159339674492845e+00 -7.800371711969337207e-01
-3.823736724502782014e+00 2.318918880284329909e+00
-1.728037210711660610e+00 -6.792615298089325293e+00
2.126005461073717129e+00 -1.689994639779787144e+00
-4.762624483165788014e+00 4.393893602315294800e+00
-2.439397572705103379e+00 1.597964475252580785e+00
2.684205053173597033e+00 -5.557506562608605094e-02
2.506516281090736431e+00 7.956309854612709564e+00
2.759142664307168702e-01 6.039858902586705547e+00
1.035977159657751834e+00 -1.556668095479637914e+00
2.858376218701303095e+00 -5.454758585535260940e-01
5.729478461717297799e-01 6.080050756767001907e+00
3.033262849207902789e+00 -1.517917820811936824e+00
2.865847717376649229e+00 -2.301266041485238167e-01
2.883037296561753227e+00 -6.761430854290850778e-02
-3.825827413338419358e+00 4.711054357562727724e+00
-2.188729784809762435e+00 7.286821560733471870e-01
2.113400366016714216e+00 -9.979430540547920003e-01
8.519964187361404040e-01 7.161995282266792273e+00
-3.416359046701419100e+00 -3.743438403069267562e+00
