2.390236744381459832e+00 -1.950520767147165380e+00
-6.045286487375221007e-01 6.213740333081968714e+00
-3.364542640798086293e+00 -5.785106249240524079e+00
-4.748054319358919528e+00 -8.044257995605448741e+00
-3.861344152302159660e+00 2.508089706578916278e+00
-1.291516833956863675e+00 5.847404538359043613e+00
-2.160979426956436189e+00 4.575069371624584491e+00
-2.981323708874449974e+00 3.058390038097202446e+00
-1.314942128994774251e+00 5.701903870739663205e+00
4.777850650379844577e-01 7.487305299690282467e+00
-1.337849169133525695e+00 5.885937420865427150e+00
-3.539252298014606612e+00 -2.766411233057196828e+00
-2.049012972410638511e+00 3.964047752001710112e+00
1.163487242214942263e-01 6.650313920802582324e+00
-3.649747409697938316e+00 -6.436094737475990257e+00
-1.015259569831143960e+00 7.362430084662554108e+00
1.646883346233666057e+00 7.535407936049780986e+00
3.301219912503878806e-01 5.702091368767897350e+00
-4.985033034649266614e-01 6.135230029240378968e+00
-5.395508715667732602e+00 4.093049791057593367e+00
-2.090625849754065513e+00 1.179127579677646365e+00
-3.615743846743477707e-01 5.303463599355417557e+00
2.297100518367451993e-01 7.005474193924825066e+00
-4.588787633712338998e-01 4.688866670739312958e+00
-2.519131175320070248e+00 3.876848550320829645e+00
8.987942281243140874e-01 6.848286773220829460e+00
-7.917031071492107719e-01 5.821514347221312669e+00
-4.342761042345248401e-01 5.045312621166093692e+00
6.055455377025324992e-01 5.446417760932494190e+00
-2.727991075532262499e+00 2.315981847460702348e+00
-4.734234874557683881e+00 -5.889976651792363072e+00
-2.385242221575213095e-01 6.394296131861184840e+00
-6.024120655960395254e+00 -6.049048569516207507e+00
7.390940047778009614e-01 7.006018581307042581e+00
1.790842781852240995e-01 8.480445261464497619e+00
-1.435694626063610535e+00 6.401425316803299737e+00
1.713587726602329830e+00 7.373055115617958677e+00
1.390004392735140204e+00 7.335422604654890932e+00
-3.686568522268385273e-01 5.433888324038536943e+00
-2.089394598284578797e-02 6.208305014194220206e+00
2.412273732294604400e+00 -8.749452430394425440e-01
-3.837300453385419918e-01 5.703718344125363160e+00
1.096163662423075280e+00 7.453350902710067061e+00
-3.334427068345328316e+00 4.031323222894817704e+00
9.506280582481507757e-02 7.063302953403832518e+00
-3.498183630187158499e+00 -5.263155567998618167e+00
1.177427628618239019e+00 8.370704470657955198e+00
1.087354925552447504e+00 6.897260213630468151e+00
4.657887275718632369e-01 7.435959367505051709e+00
5.943325382978922322e-01 6.676794146343181247e+00
1.217655402696556921e-01 5.438886328279779470e+00
-6.642459352926050054e-01 6.338582954262007796e+00
-2.214026152162907657e+00 5.953248446659351600e+00
6.996093800609957114e-01 8.277350429806237031e+00
1.558620462924060313e+00 -5.275022416252994617e-02
-3.945681956367151688e+00 -6.574965120834210808e+00
-2.560265726673067732e-01 6.931294585151141163e+00
2.262062990916636096e+00 -8.237311322873340780e-01
-4.998646789300444482e+00 -4.491418060325829131e+00
-1.797471363876756767e+00 3.882631887724633302e+00
-7.529632861159336610e-01 6.809316600004669873e+00
-2.471139499620680635e-01 6.170236606220390385e+00
-2.013437705951627965e+00 4.262839701053692920e+00
-1.639271804667318921e+00 5.191415087763573410e+00
-1.601291026870601986e+00 5.683500558201377117e+00
-9.528683968037072738e-01 5.767003987373452212e+00
-8.968049901067165486e-02 7.782453102001882783e+00
4.074712335297507870e-01 7.771359900580936397e+00
8.941565473750358040e-01 6.751669084616979788e+00
2.407307678459731815e+00 8.017117622320313330e+00
-4.400419443861275148e+00 -5.839035313327382681e+00
7.857804520987468067e-01 8.105021646949722935e+00
-6.347220550872433975e+00 -5.026811340523514637e+00
1.650828629728806396e+00 7.017610191445098344e+00
5.653166984535302753e-01 7.070565852919995287e+00
2.629043821344532184e+00 7.831020972218464493e+00
8.675824560306347188e-02 6.507081892795965494e+00
1.622830161431315643e-02 7.371230584498164262e+00
-1.361252117236193770e+00 5.661828362950540594e+00
2.008856553910356890e+00 -4.354907099270266535e-01
1.584201966518854032e+00 -4.758647119773821155e-01
-3.375582550857360031e-01 6.734266333365795276e+00
-4.281911658392796305e+00 3.310948227448613057e+00
3.490142465643749636e-01 7.468206156884015456e+00
1.615450589469509535e-01 6.112727630417251312e+00
-3.653732748222514037e-01 5.243517492441710282e+00
-5.308294645509684662e-01 6.974870040228934087e+00
-2.806807950839239396e+00 1.660549297810686609e+00
-2.460828570695074546e+00 3.986763280045217961e+00
-1.097156327189585001e+00 4.919444844808486650e+00
1.360204632641568212e+00 -7.130656503585799388e-01
5.799013128695018615e-04 5.788520458176984462e+00
-1.263194059673263370e+00 5.897265010358748505e+00
-3.032735805886051850e+00 -4.892992223748960257e+00
3.857432975592665070e-01 7.469450633849322507e+00
1.495463031343684523e+00 6.421574329585018504e+00
1.649676726032234697e+00 6.259402114428491259e+00
6.308002293440166941e-01 7.556462511256437864e+00
-2.764817760917914757e-03 6.799107617088404609e+00
-2.283664434889393080e-01 5.573536885706236177e+00
