6.857102491037139202e-01 7.623240627772707612e+00
2.968680644654348555e+00 -9.088953796820842257e-02
3.043683231242859222e+00 3.644135417744576166e-01
4.022094558695864741e+00 -1.620531286351976519e+00
9.598241319989473386e-01 -2.250978990138797542e+00
-5.304442005941701899e-01 4.386347666892252306e+00
-2.646945632880446375e+00 -5.771981377967936311e+00
2.168956808760267752e+00 -1.877539977386490921e+00
-5.283568986483308194e+00 -6.635924455821547774e+00
2.581742661555176621e+00 -5.960042225759910606e-01
9.187921432691776857e-01 7.314102115854751673e+00
3.081739896016349345e+00 -1.031124245331045408e+00
-2.997295869878056962e+00 2.722653365440416806e+00
1.682469340458457197e+00 -1.920350215854807807e+00
-3.443919346474149989e+00 -5.958735333834893844e+00
-1.218317764687693705e+00 5.855852519548649937e+00
1.115019771980500174e+00 7.237197501465355565e+00
-7.170719817657444928e-01 -5.829659478570043518e+00
-4.396605790616772147e+00 -6.663849846831331192e+00
1.330609326226621647e+00 -2.239036909602132752e+00
-1.696999249647007657e+00 2.808912746026187790e+00
-2.169530518369027661e+00 1.860854068585264587e+00
-4.621231572711939073e+00 2.512625794244587318e+00
-1.269046111122938747e+00 7.892013056794899839e-01
2.502296729875774783e+00 -1.746957133105101256e+00
-5.270792186056770134e+00 4.247550889174583233e+00
-5.102541266192465841e+00 -3.849251488559782608e+00
1.221260179748073216e-01 5.792945766725395629e+00
-3.025272123105524624e+00 2.763946216864351157e+00
1.486925858429636538e+00 -1.049195811427908964e+00
2.077154363467209830e+00 -2.144874401207547798e+00
9.609004318597352823e-01 7.132814607089679626e+00
-6.234489370777401840e-01 7.244433431037397675e+00
-1.628199703341361548e+00 6.640264137616107121e+00
2.155907461619815280e+00 -1.433405050751760390e-01
2.424750039709917093e+00 -6.819478275060271155e-01
2.412349174182033096e+00 -2.597592559775036669e+00
-2.193910665710839147e+00 2.803934536156451607e-01
3.779503389724852447e+00 -1.438679202373120081e+00
1.623463016821990124e+00 -1.874317285060824290e+00
-2.354873666025537826e+00 1.054544641535066329e+00
-5.177889693587733433e+00 4.922980207810116582e+00
-4.196097573317611129e+00 -4.796139291080750766e+00
-4.367622633365283669e+00 -6.668013208986419471e+00
-9.637013435254004889e-01 6.798304862509750635e+00
9.772712893600862261e-01 6.137084532693711125e+00
7.058039124559623012e-01 7.204359146683067650e+00
-1.038850077637150982e+00 -4.783287156075296309e+00
3.409182954627319351e+00 -1.072409781608550272e+00
-3.633084458005792161e+00 -6.669884873387504243e+00
1.933199676429002922e+00 -3.426128489434026037e-01
8.157386024048156603e-01 7.288957876808220604e+00
4.440837408744627846e-01 6.675774357956998806e+00
3.348571999473735517e+00 -1.688103101033969100e+00
-1.868480530812293428e-01 6.149597370989351219e+00
2.751220553456482421e+00 -7.016991929180499410e-01
-4.395961802743944880e+00 -8.422201042631302315e+00
-4.891141980877447004e+00 2.767959219276874272e+00
4.475405415745219440e-01 6.854871271853822279e+00
-3.658949243322338063e+00 2.893672070855507705e+00
1.379151363068186198e-01 6.694107800070682401e+00
2.678324655699418688e+00 -2.725885098795568950e+00
-1.483512564710675719e+00 -4.755044213608599968e+00
2.294504242134466576e+00 -7.652228818801422028e-01
1.948272445130273312e+00 -8.113199437711648976e-02
-5.312732123370874859e+00 -6.390280476021288791e+00
2.419367078730246146e+00 -2.022777127022853394e-01
1.872622893972492708e+00 -4.149651033277051981e-01
-3.540355692055671688e-02 6.894262680316348479e+00
4.252891482066316620e-01 -9.221992984177710406e-01
2.627122972705592474e+00 2.753300067737276535e-01
-4.653811121209154855e+00 1.214301013787416395e+00
-1.919279172068356215e-02 6.565271325914988410e+00
1.999803261954260947e+00 -1.589192937204598532e+00
-4.720091636402552027e+00 4.973659942127230948e+00
2.823451474663192684e+00 -5.965251398696043150e-01
-4.904245832652655679e+00 4.707991864409928340e+00
1.515563163483690579e+00 -1.405525291869464510e+00
-3.289994210121002460e+00 -3.916881500678792705e+00
2.568674484273961500e+00 -1.395141365668736588e+00
-1.397895442613317218e+00 5.502108960634864765e+00
2.095834419704382334e+00 7.005590281770535555e+00
-3.154642698224991548e+00 2.483184060279040484e+00
-4.045457284548112042e+00 2.554596779336693491e+00
-3.628026866794721972e+00 -5.510298281476497806e+00
-6.859227214128503780e-01 6.616725831786601120e+00
1.097787832027733890e+00 6.725908746710797637e+00
-5.504898635355833569e+00 -5.238055633279644852e+00
-4.976582579631412706e+00 -4.975543519009303139e+00
-2.220418157113370317e+00 5.187346530760428287e+00
2.340575330734186998e-01 7.731621574300325150e+00
3.100820243351816163e+00 -1.719290350741231155e+00
-5.868963178890637344e+00 -5.141279317960533390e+00
-4.804405216130177791e+00 -3.685244166723853354e+00
1.749333408899167885e+00 -1.949240108592215304e+00
1.664146944496114333e+00 -3.680760465716055307e-01
2.603581018257664859e+00 -9.307509872917668625e-01
-3.849153695354255333e+00 -6.932414136425858686e+00
-2.613486481463962896e+00 -6.286030964033827217e+00
-5.661470351351544750e+00 -5.147534210666422361e+00
