-4.114051921725121908e+00 -4.684831760939719203e+00
-3.419430136509474583e+00 3.325953861925026622e+00
-2.182906025031966513e-01 7.992316143070202550e+00
-1.266013183776248940e+00 5.939128597209633931e+00
-2.193578752795684927e+00 -3.113590771367110044e+00
-2.028961936970741675e+00 4.683838181942432399e+00
-1.515012200410388976e+00 5.723715969216280897e+00
2.511220849698124091e+00 -1.797168967506822757e+00
3.679379847460933384e+00 -1.462520438854203686e+00
-5.539034689462435601e+00 3.848742465898251197e+00
-4.922465948054504103e+00 -4.826535243595339253e+00
1.937896229723212738e+00 -1.425957333371608904e+00
-6.051858880046029121e+00 -7.537366877250457620e+00
-3.389911071176100243e+00 -7.960799745891816492e+00
-6.331937388214848639e+00 -6.556986264630209504e+00
-5.484454634195298439e+00 4.110096455415750860e+00
-5.327645878031026072e+00 -5.496955516614933757e+00
3.303663681479066305e+00 -3.002768478664580298e-01
-3.620353027945344859e+00 -3.935498441923567015e+00
-5.078784688199292852e+00 -6.036382688149504183e+00
2.229755867398068414e+00 3.329722660074643237e-01
-4.521600537039516254e+00 -5.502425554354353210e+00
-3.656714066782716710e+00 3.799658631457491609e+00
-3.759406393290197990e+00 -6.040065605779194158e+00
1.560570846254943689e+00 -1.835646714627632292e+00
-5.079681666943468343e+00 -5.591612022290085804e+00
1.758262710915872162e-01 7.106105624035903290e+00
2.730545163145834398e-01 6.096364025673452147e+00
-2.927687051136554253e+00 -6.581888946050488798e+00
-3.126063836066310664e+00 -6.519900158331415341e+00
-3.716255372414611902e+00 -6.101505728481779300e+00
2.506246184955863487e+00 -1.834878773627425241e+00
-3.229763794523894838e+00 -6.972147608767446769e+00
-5.457152447048291499e+00 -3.197522045316418815e+00
-2.053578681416134089e+00 -5.037640151705875091e+00
-5.920600286584857486e+00 -7.866476602324134149e+00
-1.956915848729513296e+00 -4.412771135875253492e+00
-4.065853294017813369e+00 4.008733810725510160e+00
-3.383850767842514262e+00 -5.793141357799461488e+00
-5.139216800818335429e+00 4.890360745367807738e+00
-3.365922104954476968e+00 2.441895350936237108e+00
-6.312715475423246403e+00 -5.377045512068818311e+00
-2.566939446472990660e+00 -4.409917655476588649e+00
-2.937887371101632894e+00 -7.386581671744374411e+00
-6.173738144414807394e+00 -4.919566118435352742e+00
-4.424449458352623488e+00 -4.466840664990158416e+00
2.562239687341156813e+00 -4.423719350041186438e-01
-3.360449640881653544e+00 -5.472696000141457517e+00
-3.154868063107933995e+00 -6.074404698998094432e+00
-2.245509478846059448e+00 2.078694264235296352e+00
-1.886425256362899705e-01 5.557794541667483657e+00
-2.601511182638639674e+00 1.723479478797298681e+00
2.906612100051325087e-01 6.024586022130253404e+00
-1.197534296859573022e+00 -5.419556625259304816e+00
-8.369427560298481339e-01 -3.787439936610436764e+00
-1.263791209377113089e-01 5.109939030986673458e+00
-6.302952149493610268e-01 4.936048414837487464e+00
-5.372052946881717084e+00 -6.375922437754835137e+00
-2.661594428894962228e+00 2.555990379377392596e+00
-4.652335404639232230e+00 -3.935340170695995177e+00
-6.303566713522536169e+00 -6.766838136056262165e+00
-6.679433893865474481e+00 -6.753503687876485806e+00
3.549836794728555844e-01 7.130218259485592291e+00
-5.130192912960933604e+00 -6.706256315528506207e+00
3.048987400114425483e+00 -2.002359576091023108e+00
-3.057336103018958973e+00 -5.677202259782696991e+00
1.308634597154155088e+00 6.436904992542659798e+00
-6.213647686565090256e-01 5.855639080010503150e+00
-9.078823311483978920e-01 3.839855217953802580e-01
-3.116563198796224121e+00 -4.437622590675305290e+00
2.721308534294070380e+00 -9.332655407942190839e-01
-1.728911989742179411e+00 7.368204370430491146e-01
-1.787779909131038014e+00 -2.470953819194137147e+00
-5.038361877634629948e+00 -8.249105676726498970e+00
-6.003714993711802173e+00 -5.586876187521692572e+00
-3.538369805654347999e+00 -6.317764441527769392e+00
-3.174791786415024575e+00 -5.132959636080309807e+00
-3.091938064810640263e+00 -6.286245532571057559e+00
1.311880613312648158e+00 7.291487884595325042e+00
-6.775874274223570914e+00 -3.439483297045613508e+00
-5.703907213858352421e-01 5.331319683261203757e+00
-1.067571820553625983e+00 -4.706076302288890290e+00
-3.950881166692256308e+00 -4.285527009964228640e+00
1.830516590164472657e+00 -4.928814875624371039e-01
2.458506476989507750e+00 -1.377333838217108086e+00
-3.163500178941972774e+00 -6.704015071556494121e+00
-4.765730064339482652e+00 3.523178155238989806e+00
-2.210765461859466541e+00 -5.159315233289283320e+00
-5.263775698347311405e+00 -5.500977956559415460e+00
-2.748062512283689252e+00 -5.209205544441029012e+00
-4.908163956975084119e+00 -5.358731185389518537e+00
-5.588476760796342369e+00 3.625126449073967638e+00
2.789835929527373359e+00 -5.070185388562495898e-01
-3.019114576822982343e+00 -4.668393294169045582e+00
3.338174975955780166e+00 -1.431457708679569008e+00
-2.863399312514546491e+00 -4.332115018893937908e+00
2.068082682295266483e+00 -2.386903669112150350e-01
5.913571425544853488e-01 7.997634674334752170e+00
-4.917706068435862221e+00 -3.137513486066316304e+00
3.297915160572800541e+00 -1.266766801295176048e+00
