-1.665468990011062633e+00 4.666536808206208420e+00
-3.079006463229781332e+00 -3.417656772498775641e+00
2.719498534007126267e+00 -1.386902426938344535e+00
1.178793590807693636e+00 7.430197322890769840e+00
-3.391835320745671289e+00 -6.139167300991422493e+00
-4.279261452773865493e+00 3.911804451718026598e+00
3.743921885047048370e+00 -9.808814893086635900e-01
-3.352006695927203683e+00 2.761673610195196638e+00
1.963464056505544786e+00 1.491696170288867584e-01
-4.336404916380145025e+00 -2.600529217769991241e+00
-3.621494355801341936e+00 -6.545494105690041309e+00
-3.178299506425721788e+00 -7.074368337616846247e+00
-4.586828313960488401e+00 -5.605607507580101512e+00
-5.354047405824313266e+00 -7.601727200206317647e+00
-6.369752732987564947e+00 -5.089028515878808001e+00
-3.335645085431286461e+00 -5.428996269122565721e+00
-4.203446655975300317e+00 -5.490211882023216639e+00
7.253588220486556493e-01 6.655564968422861050e+00
-1.740269093268075107e+00 -6.414636312503148474e+00
-5.103290926178059905e+00 -5.472211681386931481e+00
-3.319702947832541273e+00 -5.450696189878904363e+00
-4.223175034372008696e+00 1.838564758983753711e+00
-6.354767375140948360e-01 -8.060044725346415362e+00
-2.867886473399298808e+00 1.930767143727047275e+00
-3.357856745849322699e+00 -7.593091846430406022e+00
-4.115459058215965804e+00 -7.137301537959347186e+00
-2.977547224144713844e+00 -9.720063226848273175e+00
-4.220669613905440265e+00 -6.051788833447153237e+00
2.389440548870430447e+00 2.842413693500094318e-01
-2.910465688366353554e+00 -3.690603247566937029e+00
-4.079383184406832896e+00 -7.169971597096628457e+00
1.846727003908091580e-01 7.396659801065594841e+00
-2.517505258673329305e-01 6.008766786026646933e+00
-2.905842976451197046e+00 2.085726976315260828e+00
-3.982748054298833829e+00 2.892010025891021741e+00
-5.871665552998626580e+00 -5.765776704110431972e+00
-5.676063062138477555e+00 -8.010942771006305918e+00
-1.908619762042734758e+00 5.213948884087995062e+00
-1.208933184553838913e+00 -5.297310972756285707e+00
3.358869153201414104e+00 -2.188217462032782556e+00
-8.246960531259136529e-01 6.529423876281133410e+00
-5.363156933930520509e+00 -6.812584119383878978e+00
-2.733033487400961192e+00 -5.564419066622946275e+00
-2.345898622877989226e+00 -6.621357160258156682e+00
-1.368297593216392993e+00 -3.994681042249322633e+00
-5.425565119933029479e+00 -5.497753155296781991e+00
-4.175731593873131864e+00 -5.412968273388126583e+00
-4.199997112531069554e+00 -9.762326682188636084e+00
-1.965663580162935631e+00 -5.433078245799155326e+00
-2.596369154817276925e+00 4.166035650885571151e+00
-4.778054208259632674e+00 -5.038230493178638802e+00
-5.536362988171250166e+00 -6.423705734147449498e+00
2.588880433671459258e+00 -1.289191254170555245e-01
-4.599250049735449153e+00 -5.950860042000041261e+00
4.870311805068742173e-01 6.298430273304921556e+00
-5.222779577464596201e+00 -8.485720272888729099e+00
-5.141089702230967617e+00 4.896710575833331802e+00
-1.758098262968007752e+00 1.463321727959414398e+00
-3.415957555862349615e+00 -8.820610037376409807e+00
-1.875843572505601298e+00 -4.349246786990926594e+00
-2.550142957434899493e+00 2.783375047955964465e+00
-5.603438754849059400e+00 4.174248968004254046e+00
-2.732248599299233582e+00 -3.540425343185455542e+00
2.032017456669857669e+00 -1.557382712676212089e+00
5.343436403476002905e-01 6.862683283913678878e+00
-1.624350646228533090e+00 5.061021500243396254e+00
1.892435982673429828e+00 7.688775265592285635e+00
1.427363069178539945e+00 -1.543759435585609907e-01
-5.723925437260296789e+00 -5.552954500010165440e+00
-2.828090207731743799e-01 4.912768392953951846e+00
-3.575376824902862349e+00 -3.334092537589223415e+00
-4.762684666422680735e+00 3.988300039509081074e+00
2.925570699120052964e+00 7.149840490441672358e-01
-3.590902716866394950e+00 -5.454235553216495447e+00
-2.125901726027862537e+00 1.758586231199763539e+00
-4.408750901031902814e+00 -3.753052324889272207e+00
-1.330733554521271067e+00 1.261514764217754658e+00
-5.891326625150452578e+00 -6.445624068085153979e+00
-4.316903155049915064e+00 -4.243861298837785512e+00
1.935902673125521556e+00 -2.245727471220112292e+00
-5.268103835144344771e+00 -5.046352132511821686e+00
2.201999045865739024e+00 -1.291038301175446268e+00
8.791902913775880013e-02 6.673605499844983413e+00
-4.613867818046238689e+00 -4.768807012754483488e+00
-2.271950634132786639e+00 2.164876354473743714e+00
-4.592855313633808834e+00 -7.115116148812885122e+00
2.007078346776729028e+00 -1.525498256890719162e+00
1.039600637570502251e+00 -1.881794418902019483e+00
9.233186023678920940e-01 7.019521076618907784e+00
-6.103809143073061882e+00 -4.267988944933884810e+00
1.874174391547623220e+00 6.465965939536113538e+00
1.548016805309218258e+00 8.657646140082547959e+00
-3.809765004067239502e+00 -8.000736020038591079e+00
-4.052368761690028798e+00 -4.310107982060397802e+00
-3.866121875787447149e+00 -5.491562505698439622e+00
-6.375581314411550515e+00 3.146484048582507853e+00
-4.892404972919090156e+00 -3.067044975801234141e+00
-1.649125086835974585e+00 -5.804027604614888425e+00
-2.551247915917440601e+00 -4.701776701599419184e+00
-4.534247072978210724e+00 -8.866241161274501792e+00
