-4.439417103349816429e+00 -5.693677691585791401e+00
-1.821186570065590704e+00 1.664541835198769526e+00
-4.479590185982514683e+00 4.103842139626848962e+00
2.300213131626748897e+00 -4.230517730588783110e-01
-4.508509529925676773e+00 4.784904794423352037e+00
6.210878464654042697e-01 7.239791610726204141e+00
2.318424143733149645e+00 -2.538818447591840721e-01
-4.005332750466596536e+00 3.249709109953472286e+00
-4.702540938630606959e+00 3.121800851845910163e+00
-4.651506577434935785e+00 3.863548449829458775e+00
4.159557862599996270e-01 -1.221468734535789302e+00
-5.273298971791811951e+00 -4.974676567351548506e+00
2.542246898100926522e+00 -5.339006020671550612e-01
-1.906505724409561786e+00 1.077965708862856697e+00
-4.291288460842618946e+00 3.008624411518551867e+00
7.505804396884045993e-01 8.655375207472637555e+00
-4.186574533809449328e+00 3.190291493481844931e+00
-1.179301999966330783e+00 4.943982428055930356e+00
-1.882872734835709494e+00 -5.448108245825531881e+00
2.492351511708712941e+00 7.890301294437254143e-01
-7.037443768580360359e-01 6.876489020516840966e+00
-4.196062573176106092e+00 4.033414290179472061e+00
-4.178075202224728280e+00 1.340257011162500511e+00
-3.362514379047065738e-01 4.976806815636707348e+00
-1.452514866260854021e+00 2.375730342957997898e+00
-5.442651036153598021e+00 4.632066153642775852e+00
-4.423961782890597050e+00 5.208736193972042017e+00
-3.401437920484006838e+00 3.021179139257618829e+00
-4.089398292615965325e+00 3.644917126739978475e+00
-4.955406921852981483e+00 -5.386333519531587122e+00
-1.962365414801990893e+00 6.027791943917128137e+00
-4.551388395726903013e+00 3.628167401192686103e+00
-2.580585417855664865e+00 2.832168619779420027e+00
-6.791366210679770532e+00 -5.096975092511359939e+00
1.289044107498811709e+00 7.823603460252630093e+00
-2.571096593967808097e+00 1.053404079811999017e+00
-3.626171293717490141e+00 4.083512830193848586e+00
-3.771442779879024876e+00 3.778789400775287355e+00
-3.523615737054115904e+00 2.103603306288451158e+00
-3.012886465606379627e+00 2.854599982855411167e+00
2.014081013126492792e+00 -1.209751843263467297e+00
1.052221663755267711e+00 6.766027212605678187e+00
-2.575882550164799945e+00 -6.102685625672187975e+00
-4.080785416648347486e+00 3.193094850248537231e+00
-2.590078807497571134e+00 -7.485097557024681159e+00
-2.823351784732296199e+00 3.497862525793036692e+00
-4.023483520235501487e+00 2.325964614932330754e+00
-4.726213509308968774e+00 -3.306428980236784554e+00
-4.178967193419138582e+00 3.865779810653476645e+00
-3.837696342627074486e+00 3.636020015984712028e+00
2.351487473923143945e-01 -8.427894849505193076e-01
-3.233835135892857870e+00 2.690872661834541102e+00
-4.011058590193940177e+00 3.086005341564511895e+00
-4.246966093855706781e+00 5.059899272483420418e+00
-2.796984593680098108e+00 1.359646663009956180e+00
-3.550969498480064157e+00 4.106310801342219818e+00
-3.172394463743983373e+00 2.410074380434060082e+00
3.145395202023351544e+00 -7.353044562028525633e-01
-3.551686627606613467e+00 2.368508586063260868e+00
-4.335833121060177042e+00 4.054757907620278878e+00
-5.907802582201234110e+00 5.570166134608815156e+00
-3.338505877207321504e+00 -7.583957614219736243e+00
-4.791801179623428553e+00 -5.425006870500046929e+00
-1.181313815661980904e+00 2.657919552757035397e+00
-3.599630003398018641e+00 4.170588742109639924e+00
-1.170384992819523573e+00 5.646249756735468139e+00
1.716610582349063607e+00 -6.550466267923529262e-01
-5.609102190717424108e+00 4.171693531274347500e+00
1.006987571701698059e+00 6.525330986560743618e+00
-2.859682565334943138e+00 -2.577886060370916610e+00
-3.365043711481539468e+00 3.617552906273405089e+00
-3.567905010755396678e+00 -7.286839654828280999e+00
-3.436208184194787130e+00 3.236778300686496301e+00
-4.967631116057988017e+00 3.846429490031455067e+00
-1.047354451392362051e+00 1.319069613621204340e-01
-2.724558243077007447e+00 2.142245773100459161e+00
-5.954256494997599347e+00 5.924220056559780900e+00
-3.887189308057495740e+00 4.423925969846891348e+00
-3.172987468158821045e+00 1.482405784007250649e+00
-3.587639918056742427e+00 2.929211929785865198e+00
-3.783089892914195840e+00 3.436131812403683927e+00
-3.733070378305522130e+00 5.287657275193884843e+00
-4.040902952615722299e+00 3.278373328974415468e+00
-4.929057855548914624e+00 4.028363902942414754e+00
-2.406207961623431646e-01 5.121561547604477127e+00
2.582427084900931202e+00 -3.030394505338889211e-01
-3.585571508537003460e+00 3.923136168942062518e+00
-4.904732345737825128e+00 3.714080547187828873e+00
-6.217691879123476539e+00 6.453425133545040993e+00
-4.076925921481053372e+00 -4.109264533074645342e+00
-3.535713885714579341e+00 2.533616423917552041e+00
-2.581174176228101302e+00 2.629003348715291732e+00
-3.262697220813739918e+00 1.629246148513513681e+00
-3.842318537982843285e+00 3.979872274792415787e+00
-2.793575866203315439e+00 2.657355751079624628e+00
-3.780351501272580794e+00 2.968191087708175857e+00
-2.097821381654747963e+00 4.289601644189868779e+00
-5.035517509178407458e+00 2.766133738941290332e+00
6.554736237821062739e-01 6.549767080730297231e+00
-3.753068046018648296e-01 5.071325396664740914e+00
