2.654739235274898412e+00 8.321760369092705556e-01
-1.967956076952912969e+00 3.094214770500967049e-01
3.330831107559705462e+00 -9.294742710522894136e-01
-4.188646893971830210e+00 -6.292075519667155170e+00
-3.977322592618118269e-02 6.816126266486570273e+00
-2.530466303516099025e+00 2.311320227780619518e+00
-3.670413387995042687e+00 3.461419747918213830e+00
-3.833325177503421166e+00 3.506054787338454215e+00
-3.476249875703179448e+00 4.201980999295001240e+00
2.561628147535086608e+00 -1.955534061232486742e-01
-4.092836207190193143e+00 3.497318841629715180e+00
-5.865947200752502866e+00 4.532851059757382117e+00
-3.580767423948684414e+00 3.602361468113045362e+00
-3.861147939299244936e+00 3.948807420356315934e+00
-9.297437612021094422e-01 5.532116133056952378e+00
-2.304534043780488428e+00 2.044042785239288396e+00
-3.446446693840993003e+00 2.208398367699146991e+00
-4.473743079558508917e+00 3.070286087593741442e+00
-5.298050870622512676e+00 5.462307754032924123e+00
-1.727415862077850361e+00 2.634038247413108991e+00
-3.028695259965476616e+00 1.372915867512829902e+00
2.944590511828239610e+00 8.168818192329810657e+00
-5.411179825301308810e+00 3.895101856744581870e+00
-3.804788986009007168e+00 2.582479462348529431e+00
-4.152808576034721533e+00 4.447172146981746010e+00
2.616678396652405425e+00 -2.094148657477443720e-01
-5.411993026611530588e+00 5.443415544493585223e+00
-3.878525627117904051e+00 3.780543427667077960e+00
-4.481533323882778141e+00 2.864631477678722504e+00
4.108715896302656212e+00 -8.905146854799453893e-01
-5.248487079429331459e+00 5.249849633215933231e+00
9.123098292726661285e-01 -1.510083063579094276e+00
4.491154099210565853e-01 4.746286928569954711e+00
-3.890952031738069472e+00 2.880174902346646970e+00
-6.753439862045464537e+00 -5.681149883955798785e+00
-3.420979205439010240e+00 2.501308808604120859e+00
-5.587265309020654769e+00 5.181722847490702222e+00
-3.677250142475131156e+00 -3.839612484084446109e+00
-2.797161081940451766e+00 3.093272811625628727e+00
-3.571363714034893722e+00 3.223723909831056833e+00
-5.976166510009890409e+00 3.867620151329068889e+00
-1.903087462879406999e+00 6.341356891260181428e+00
-2.768558979131457320e+00 1.890913109130183178e+00
-2.273738457313768890e+00 3.445110170847186293e+00
-4.859867857598491270e+00 3.898839276387847885e+00
-4.189836965642257383e+00 -6.291900317570560119e+00
1.658119358401065835e+00 -1.956428376425982663e+00
-2.824398742888276637e+00 2.654833254733157233e+00
-4.243094346519107773e+00 -8.454779258429399036e+00
-4.689393182060329401e+00 3.215366109703851283e+00
-5.082600288199336624e+00 3.688380471394236970e+00
-4.600302516129326946e+00 4.131162655569032616e+00
2.547926637752791823e+00 7.829084484514203801e-02
-5.682701384118617582e+00 -6.763872785549608579e+00
-7.567756895655720628e-01 7.933877665968783965e+00
3.143550149848617803e+00 -7.875132568645051290e-01
-3.854249512387828425e+00 2.883446770814972027e+00
-4.558722794123552191e+00 3.780308899541385603e+00
-5.484323486941944381e+00 5.388665989452437799e+00
-2.647576560675059643e+00 5.243818441555021082e+00
1.162142158046424623e+00 8.307477148600129979e+00
-1.994306056738953670e+00 3.087075287353187036e+00
1.877013738076595217e+00 7.581877404498101214e+00
-3.131824541418294361e-01 5.943612346412811220e+00
-5.058552743832215093e+00 -4.248171561902779558e+00
-5.620907846247154893e+00 5.988334739146409902e+00
2.029494964968316495e+00 -2.073656258403522301e+00
-5.258648755358188431e+00 3.628424993991416603e+00
-2.240459809378732903e+00 2.907833210078861530e+00
-2.140557969997619381e+00 5.588473726264281183e+00
-2.014675853210191825e+00 1.474320786554944807e+00
2.557781506419276152e+00 2.999092844295014881e-01
-3.952518571676076675e+00 3.129874205693853106e+00
-5.632685297362155730e+00 5.107726004826698585e+00
-3.633504692793806612e+00 9.600504149391659858e-01
-4.800880555328330246e+00 -5.504222173023489262e+00
-2.726902290476177271e+00 3.291004996500784596e+00
1.078725977643716361e+00 -7.499418946293938681e-01
-1.686013521851891461e+00 5.272131761781063020e+00
-4.321766936825151895e+00 3.045636542216573428e+00
-3.985717711984328560e+00 3.533994157657363910e+00
-4.812282467857932622e-02 6.379613030495574932e+00
-3.555616697005540949e+00 2.826218875218751592e+00
-1.534940423254965713e+00 1.278977799524948278e+00
1.131449597414873498e+00 7.678583139924247014e+00
-3.822806856400593034e+00 3.182667078016190754e+00
-2.128790767645966753e+00 3.793883929883309136e+00
-2.631508576272663547e+00 2.628662746489542013e+00
-4.185210790534267922e+00 3.604838080981640935e+00
-5.285861828888609892e+00 6.061683408481483681e+00
-3.563388131374857881e+00 2.827907676942285065e+00
-4.164722798384995706e+00 3.766980356846878486e+00
2.142167484000305322e+00 -1.501862274216257287e+00
1.825783308658063930e+00 -1.873621596980251214e+00
-4.427452189472534272e+00 4.759936799653790906e+00
-8.769784867966197162e-01 4.341627110320738225e-01
2.885152769792340255e+00 -2.473331726731633040e+00
-2.821382189339551871e+00 1.014792199685314200e+00
9.192925529442856902e-01 7.415716394616111984e+00
-2.772732229739479415e+00 2.875377986747134962e+00
