7.869641961467428448e-01 6.036521410487468486e+00
1.038506653846168026e+00 7.288058144947846095e+00
1.832142633476342208e+00 -8.942967029075288288e-01
7.742484966135737556e-02 7.556387091731706640e+00
-6.309626561441499248e-01 5.877636447507035733e+00
-4.449405607352296954e-03 7.058524859074987390e+00
2.450505291528513929e+00 2.738437873929242539e-01
2.791319164213114767e+00 8.326517023074195833e+00
4.075469234739289570e-01 7.336666046274417319e+00
-1.347662158295214851e+00 5.466420352299575569e+00
-4.050129792057192368e+00 -7.284332537865762625e+00
-1.002607765108220139e+00 6.338977154164957994e+00
-2.606554689376573641e+00 5.701082050570469129e+00
-8.671983327836629840e-01 4.351095400416499004e+00
-1.532595481257860381e+00 4.008884969144833832e+00
-3.938060112183969341e+00 -5.926468489789568750e+00
-5.847900711270317409e-01 4.716157578455749011e+00
2.984536524007670000e+00 -1.361509462193570386e+00
-3.310366802921860696e+00 4.489952419020747598e+00
-1.699830528125122253e+00 4.590977605567067243e+00
-4.224973107480384016e+00 3.158699222740569912e+00
-2.377402474743201821e-01 6.376349193424465156e+00
-1.658832671734048025e+00 4.099330149682787194e+00
1.841791601777498677e+00 8.397240279739389024e+00
-4.628894490503746018e-01 6.334298462104867689e+00
7.788551213360722647e-02 7.470284436313869847e+00
-2.952877758392955521e-01 4.371974417200998886e+00
-1.104303017769835193e+00 6.268170608512982689e+00
-4.086727681222475539e+00 3.147699705440579976e+00
-1.120261798917287166e+00 4.415427320565633806e+00
-2.580924446449440079e+00 -6.311251554907332029e+00
3.557775088109639050e+00 -1.974856750967713070e+00
1.130373741745926530e+00 6.255923396333699316e+00
-3.164081372542424830e+00 -3.176755793380001691e+00
2.512962547596268692e+00 -6.977708347122661969e-01
1.410079497855430741e+00 8.389043302125170243e+00
-3.060158960229003577e-02 5.813949392550780360e+00
-2.372184301546424123e+00 -4.422339713353786728e+00
9.697564364055988317e-01 8.516362766902558334e+00
9.883684036479944979e-01 7.945247242365937268e+00
-5.464421752278972200e+00 4.188976717569130592e+00
-9.885990455459894299e-01 5.937375308150915743e+00
-4.824612200787981919e+00 -5.701984026325074950e+00
1.577273981577897111e+00 8.160112081448883004e+00
6.145589713965584622e-01 6.237342530438011678e+00
-6.577244949277454289e-01 7.164308888481836668e+00
1.562437657006190639e+00 7.039730901359025239e+00
7.161213510933082116e-01 6.689262894922092251e+00
-7.119640562214923918e-01 6.710621306162873445e+00
4.242327526254036085e-01 7.089488454884634194e+00
-3.981231033946153186e+00 4.586292047072394240e+00
-7.292149683963961238e+00 -6.629824456503166985e+00
-1.777818151964040361e+00 4.585196454368869468e+00
1.058242708637592955e+00 7.277642736594558848e+00
1.545180521726619016e+00 -8.892389360042249891e-01
1.245443838717814167e+00 6.613522385945660886e+00
2.240574640590102362e+00 9.281338868219869198e+00
-8.558929068671987661e-01 5.731887793132224296e+00
-4.217765049274300182e+00 -6.029335440842594096e+00
-4.268366022641103541e-01 5.315546073134944649e-01
-4.955313735916760942e-01 6.662250321153067034e+00
4.354305219508198377e+00 3.373432960124016500e-01
4.437237721824600079e-01 7.038624267826498304e+00
-2.322961387309033121e+00 7.822534691145865970e-01
-1.308191063821761091e+00 5.353090273394619736e+00
-2.847777590850336882e+00 5.549229885818880881e+00
-2.866682128363154725e+00 -4.075073922927008319e+00
-4.123694406823489311e-01 5.901371525292500309e+00
-9.079564309341592310e-01 5.635727701187707162e+00
-1.926055893806094543e+00 4.082448025832785987e+00
1.992213506775576959e-01 6.390060194207461741e+00
-1.201647519727450986e+00 6.282925685742681843e+00
1.599069204683931655e+00 8.844461853938796025e+00
-7.088619797301249470e+00 -5.370150267606888406e+00
-1.087215964217450037e-01 5.624252790901097754e+00
-4.098394729751273502e+00 -7.775102778284777472e+00
1.161711096256360598e+00 6.573278710299368832e+00
-2.019051471507286033e-01 6.369590060359724859e+00
-1.479558398541147568e+00 4.602849667876869333e+00
6.165228876165680383e-01 6.658023487413283981e+00
7.995260605295400058e-01 6.926609064639243307e+00
9.533497548454989978e-01 7.433370123010136332e+00
2.935998016326916149e-01 4.635748776432905949e+00
1.156638716761247299e+00 7.621070096815612871e+00
-3.046181789873142254e+00 3.740484481180544662e+00
-1.877232256594546511e-01 7.006073036422463041e+00
-3.121901766830527336e+00 -5.856136967854168596e+00
-3.189161517083817787e-01 7.381515388353632190e+00
3.303624159083476730e+00 -4.289941657071716374e-02
5.002112922520248750e-01 7.152831618124452007e+00
-5.659081250277995245e+00 -5.419462565927701370e+00
-7.870538882374384038e+00 -5.931996374324823407e+00
-1.375225729672077346e+00 5.412286913511538344e+00
9.800858872816862188e-01 8.174367643081639656e+00
1.870069251195093096e-01 6.072416369758057542e+00
-3.226892118901860118e-01 5.762159761849933837e+00
-5.589321118546665801e+00 -4.804754601612836851e+00
6.856581434224675586e-01 -7.258768095284011679e-01
1.636186842131591490e+00 -2.072454169213471253e+00
3.068318671072867154e-01 7.205924729578636168e+00
