1.911559048992578225e-02 7.184408302741835506e+00
3.099009241896201416e+00 1.125818439291340400e+00
2.162430361848457938e+00 -4.396389970782142997e-01
4.315157209853652254e-01 7.799687369063632580e+00
1.281938143204943703e-01 4.887696540784697063e+00
-8.231140343192838715e-01 4.758472088000689659e+00
2.679196370201647470e-01 7.601112645196743678e+00
-4.021032150957832840e+00 4.488251204119075410e+00
-2.217537056058188849e+00 5.193328271849386724e+00
-4.534797251824035591e+00 2.965853430925038836e+00
7.341406834508013013e-03 5.782582301233595068e+00
-4.645428850393790166e-02 6.959893151925578891e+00
-1.152519094859662196e+00 6.462314373666491640e+00
7.866346646491523265e-01 8.166251645604303278e+00
1.847971910213533686e+00 -1.003479654854109615e+00
3.808372926409901993e-01 5.313509729899978495e+00
3.973878171624491973e-01 7.452970138604832151e+00
1.045271434708610059e+00 4.173253342339062755e-01
1.138104457137800285e+00 6.802807067985898293e+00
-7.772666853452327995e-01 5.322146955772154797e+00
3.661256982862950871e+00 -2.146707391927348496e+00
6.482905526484590286e-01 6.968767646974374230e+00
-2.485119713776989536e-01 6.447093286291615044e+00
-2.286990698159074853e-01 6.794177766868945589e+00
-8.003810417757974971e-01 6.744344949062178074e+00
7.825731044848091567e-02 6.107478426568084373e+00
-3.919205825823131484e+00 2.520472114079709947e+00
-2.292699141994333889e+00 4.940238722056647269e+00
3.099194174017321668e+00 -1.580754892750534601e+00
-2.244890095274856723e+00 1.757892076793761138e+00
2.405377074043251184e+00 -1.402647032654740666e+00
-9.176917412230601867e-01 6.480058319190673544e+00
-5.001508294525592646e+00 -3.791269561538205046e+00
-3.869293375070012253e+00 -3.657247155814324024e+00
-8.368240081485578408e-01 6.211866800185205761e+00
6.777878668555532560e-01 7.563465086095440881e+00
1.195005525610065567e-01 6.353617302482854612e+00
5.664205339538290751e-01 6.534695735890262647e+00
1.069047693987682290e+00 5.850643079769075605e+00
5.208201813050761242e-03 7.408083161046993936e+00
-6.303847296136720901e-01 6.116969562778987068e+00
-6.511196478144933852e-01 6.125419604646678451e+00
2.281751344441593221e-02 6.367522527996554160e+00
-8.423496860388963725e-01 7.214145685136446495e+00
-3.567751399121043221e+00 -5.987953622791104102e+00
7.399687930917783207e-01 7.978458733666455416e+00
1.604373915425431618e-01 5.662634717425072850e+00
-2.011023404876218557e+00 5.911698580028513561e+00
9.269290258341569277e-01 7.717941594392240923e+00
-7.473721616412590807e-01 6.683006341980219034e+00
8.671062020462860787e-02 5.460425026116291214e+00
-5.680639593121413755e-01 6.367568108244857861e+00
-2.564917481135469579e+00 5.070763427842486237e+00
1.579989307914484997e-01 7.253572897944017051e+00
-1.563673446310263060e+00 6.055038405813151670e+00
3.272287735175297918e+00 -1.560166783106039734e+00
-3.654630072758511816e-01 6.401689926420193189e+00
-1.073975446713633541e+00 5.823316577109412862e+00
-6.618661343568339461e-01 6.716678283759853763e+00
-5.767063484825337483e+00 -6.011618814304013902e+00
2.526428979431935229e+00 8.133761717223945809e+00
-9.688758413697756700e-01 7.016457935223709086e+00
-2.079930163805162047e-01 5.398886078027159918e+00
-4.237702007322218023e+00 4.671851235815156045e+00
1.480731716890704153e+00 6.880751717589344452e+00
1.433048264763855384e+00 6.880863157230442617e+00
2.615077905315502438e+00 8.544121282980135845e+00
3.746727771475398816e-01 4.660074210647164428e+00
-4.947899038807178407e+00 -6.758428605031959080e+00
-1.493115133299072861e+00 4.593929666138482304e+00
5.362739899542057209e-01 8.008172045950407991e+00
-3.552497372118484265e+00 -5.162823010494161480e+00
2.462075825640140270e+00 -7.513183674882372154e-01
7.901884063282422765e-01 6.851084475040662092e+00
2.498145078894584703e+00 9.848128046111346734e+00
-3.764518887818577575e+00 4.711555945851382710e+00
-6.789414366381236743e-01 7.120855151103890002e+00
4.283861883597633868e-01 6.287663984541089768e+00
-7.047440310813799513e-01 7.554661737450950376e+00
6.129568677466264992e-01 6.933912985528460915e+00
1.637977019491052122e+00 7.968173026395461100e+00
8.391001788551133433e-01 7.944420670797725847e+00
-5.386008951559539071e+00 5.151412975723280496e+00
1.965071499254918974e+00 8.429303750253090755e+00
1.849697710130908668e+00 -4.222184074727920455e-01
2.844299330875869281e+00 -1.761593341802580870e+00
1.220422630848929657e+00 7.384990466881208526e+00
1.233110367947884756e+00 7.742934911006758014e+00
-1.023196377705679838e+00 6.761212741636464685e+00
1.651642435751367266e+00 7.339460539512349335e+00
-3.518878731126073411e+00 -6.300625630268307908e+00
-5.648319628021123417e-01 4.744581607613870489e+00
-1.362841174502425368e+00 5.553065040867537938e+00
2.000080643804859060e-01 8.183465311324569669e+00
2.793404179876785243e+00 7.590413417684203523e+00
1.604571308400977170e+00 7.908145426520548860e+00
-2.204293821408811027e+00 5.418438247693782905e+00
1.227848097134546679e+00 7.618338441484953094e+00
-4.294127907693857438e+00 3.638629802566859972e+00
-1.177022782454346439e+00 4.738178185110737850e+00
