-2.733434870064592292e+00 -4.122005460515417496e+00
-4.063863180934176533e+00 4.063782742092810096e+00
-1.973402012720822385e-01 6.226850078457601079e+00
-3.464107454857434210e+00 -4.587437917436401058e+00
-2.062962900678455114e+00 -4.070336920424058036e+00
1.180835975390990056e+00 6.542804571019893878e+00
-4.044881138585650682e+00 3.453815466515844701e+00
-3.647164147853343863e+00 -7.304875915418637788e+00
-2.837458971093221205e+00 -7.872697807488808763e+00
2.905360361771176958e+00 -5.768634796771097140e-01
-3.427984640721947862e+00 -6.804894280744827384e+00
-7.454304054092074416e+00 -3.682590463926090685e+00
-1.041413366161211052e+00 -7.489886602582225272e+00
1.949341680015193923e+00 -4.948546994150235800e-01
1.804119360100173708e+00 -5.915506028420343121e-01
2.573068247748577342e+00 -1.550208740134505270e+00
-1.769645407499238488e-01 -4.666219429180467948e+00
-6.480029056333531656e+00 -7.904907880635986928e+00
-3.557886061398316535e+00 -4.904231784872298938e+00
-4.825480119451173167e+00 -5.792891359418221420e+00
-4.939275102520406691e+00 -2.315273574303764015e+00
-3.790974971891548861e+00 -5.667209330288789815e+00
-4.992452786449943503e+00 -3.838544701650035584e+00
-4.856362760705749793e+00 -5.959355167688300980e+00
2.533207386875276246e+00 -4.147687166239752976e-01
-3.937431029957845663e+00 -5.381963075136886765e+00
-2.124070266834806819e+00 -2.308746652033844882e+00
-5.464948940884919892e+00 -5.284540966632075509e+00
-1.664634872126421694e+00 4.797313993523308895e+00
2.784787683777706579e+00 8.903439927546907384e+00
-5.845493204752996164e+00 -4.888913997668362654e+00
-1.312376788728397692e+00 -4.425873502843916008e+00
1.743217137578298992e+00 -1.435958753047757552e+00
-3.455453441666453962e+00 -4.976471416460326758e+00
1.849550319686070754e+00 8.086443956752590978e+00
-1.229428377307402398e+00 6.453322872047645653e+00
3.267699385562913506e+00 -1.989500349924591127e+00
3.283998357453085770e+00 8.222208073517724980e-01
-4.561426768036430879e+00 -5.064248195291374266e+00
-3.831218454313613186e+00 -5.822947824651112825e+00
-3.299617929612034928e+00 -5.253658526860580658e+00
-5.517296201681731738e+00 -7.786051571406564342e+00
-3.140803236942214305e+00 2.900678899566734970e+00
-6.144791582611926373e+00 5.313301813733124490e+00
-1.191690363470814695e+00 1.612014649084887452e+00
-3.979827673888622908e+00 -6.705682881254016792e+00
-4.459216754649202308e+00 -8.255927161033575601e+00
-2.367964062584358764e+00 2.706646380523545226e+00
2.788959354915173883e+00 -6.596927952044544519e-01
-4.058323756482518974e+00 -4.531962343818213945e+00
-5.214725945594053336e+00 -5.089077902198179792e+00
-5.333451386307730857e+00 -8.231300279136746667e+00
-4.378794243866452884e-01 7.998136823237627091e+00
-5.687990303595240604e-01 1.404507008453532269e+00
-4.456118261297506322e+00 -6.510713676627120527e+00
7.945552752354555492e-01 6.754398457040241333e+00
-2.570622532740462596e+00 -6.506653572502970384e+00
3.618739955336391229e-02 6.635654449498708196e+00
-6.885841606203152665e+00 -7.729202736324074507e+00
-1.977021478066501414e+00 2.510928580941481414e+00
-4.535779775893743704e+00 2.112812734669701875e+00
2.863153955698948927e+00 -1.069369212368007638e+00
-4.990339894873235593e+00 -8.270506488433923664e+00
-7.254055448754563429e+00 5.577084796070933770e+00
2.845622437315025177e+00 -2.294839781487565844e+00
-7.534500170206741565e-01 7.331033773399719067e+00
-3.354575947450274764e+00 3.265698731251460263e+00
2.757616529699000285e+00 -1.525572970368796577e+00
-5.250529868635201325e+00 -4.040356034890102421e+00
-5.401903922472641284e+00 -6.910924444647600140e+00
-4.583165167623594272e+00 -5.976776738107539622e+00
2.583575020497977714e+00 -1.854861516525829757e-02
1.959851089312042216e+00 -1.349364723139970357e+00
-1.012224714031680906e+00 5.085835597347532655e+00
-2.699985832579604228e+00 2.859803888656507365e+00
-4.903865621384114526e+00 -6.709548932548194067e+00
-5.973170861823231981e+00 -5.871464441722574534e+00
-1.641028765178782489e-01 7.594691915450596298e+00
-1.610019995134240656e+00 -6.591620002180388127e+00
-1.762644679736312003e+00 6.296319568421911761e+00
-5.022058907456701249e+00 -4.436854699640884192e+00
-4.576970999260502992e+00 4.662307686970777354e+00
-3.609847291531470326e+00 5.115562462334592553e+00
-7.072659099199820609e-01 -5.176484202544468616e+00
-6.280774204685277695e+00 -5.888487175758061909e+00
-5.505524027617733296e+00 -7.555356737368990494e+00
2.778999018355886808e+00 -9.572254189865474494e-01
2.411446254771178466e-01 7.517189721254743162e+00
-3.277028450095939682e+00 -7.004890035618506872e+00
-4.510844547680083139e+00 3.652595920668733953e+00
-3.976835284493506428e+00 -5.773388524455983273e+00
-6.154217401133770693e+00 -6.039671561026966451e+00
-3.339650706388481272e+00 1.843389319511206326e+00
-3.959540816113441331e+00 -6.255314248600181593e+00
-4.702446024326950358e+00 -5.627348133591556056e+00
1.435186256159431739e+00 -2.509584637909781257e+00
-1.401751838923637195e+00 1.329189387278367107e+00
-4.071300001036554761e+00 -6.325759196409784124e+00
-2.347014666870716137e+00 -6.831588173584972168e+00
-1.990834400286037642e+00 8.095922815185248034e-01
