-1.752597479133117253e-01 5.939463473694797102e+00
-5.059634998786545879e+00 -5.768781902247595461e+00
-7.942404329437351862e+00 -6.354875842383034268e+00
-1.149755141751478860e+00 1.581031330891817355e+00
-3.146064035526989322e+00 -6.922285003264283532e+00
-1.993933867955597794e+00 -5.044052867982180111e+00
9.440346181737169218e-04 -9.866973651005899626e+00
2.055711461708239263e+00 4.844339205485685973e-01
-4.486983171515745994e+00 -4.707457911724485911e+00
-1.563687308931510422e+00 -2.084383974338299694e+00
-4.111769092897837652e+00 3.063892594199430164e+00
-3.136072922617992642e+00 -3.752142732272853110e+00
-6.944480466063870594e+00 -3.391718655288636697e+00
-7.231749181361664391e-03 6.419315015566655624e+00
-1.846438681957053574e-01 6.425884363294565915e+00
-1.328500484871087739e+00 -8.154708617736144305e+00
1.809303431755356906e+00 -1.606849744020923509e+00
-4.712940403136285816e+00 4.088593961055582149e+00
-1.944150237009860671e+00 -5.547852129500354224e+00
-2.162368596407858945e+00 -7.998222783695258187e+00
-4.523112730575358675e+00 -3.830231744952438788e+00
1.832154714580262578e+00 -1.438497956167965608e+00
2.194731849631913256e+00 -2.317375503308243267e+00
-4.303622301233250624e+00 -6.693670977838618086e+00
-4.715826224028122127e+00 -4.718651861072872933e+00
-4.350960833482509393e+00 -6.596902019773180470e+00
-1.299685436604914202e+00 -4.760158984447787844e+00
-3.140939667585152861e+00 -7.196095721115627342e+00
-3.960980342363849882e+00 3.111796832116723532e+00
-1.798461249785018090e+00 1.365151891635914216e+00
-3.342410976911281750e+00 -4.022694905314913250e+00
-1.932344822905372184e-01 6.313008365330556870e+00
-5.493628225214657768e+00 -5.134913111126922836e+00
2.006210226629022042e+00 -1.725035210641635786e+00
-2.417036109630882557e+00 -4.306717347837173193e+00
-5.109432264129368129e+00 -5.446939020831581324e+00
-5.117399141155575926e+00 -7.906380096720885930e+00
3.986304916457538816e+00 -1.798510133629219077e+00
-4.564818470917017201e+00 -3.718041570448683331e+00
-3.193062984803547444e+00 3.424894587963569936e+00
-1.523815378019904410e+00 5.288527061010935171e+00
-2.862131168162053707e-01 5.977502859227966425e+00
8.269369049054444698e-01 6.828372419923924852e+00
2.439285294447856689e+00 -9.253390622051240744e-01
-3.424216924909881499e+00 -6.584091966239467908e+00
3.657488373937493265e+00 -6.555198398229212797e-01
-6.414884311722293120e+00 -4.038111779469563345e+00
-2.216007602480460914e+00 -7.511495831541143531e+00
-1.233401864186817409e+00 -3.573745217400623009e+00
-5.144845051384415058e+00 -2.806658838667789091e+00
-3.773534989842338483e+00 2.794914396435929760e+00
-3.628033148106227568e+00 -5.951472712367579909e+00
-5.624731708594454815e+00 -3.070898043890385232e+00
-4.557025963159079041e+00 -3.974768551945237149e+00
-5.402128151963927039e+00 -3.240536809229171755e+00
6.015018467376587186e-01 -1.281927644267737199e+00
-2.955349210539136351e+00 3.029252797500027850e+00
1.269050299664810089e-01 5.650958069976843134e+00
-4.107005415158531569e+00 -6.131110462922128690e+00
-3.906453852282175898e+00 -5.438743101949032877e+00
2.298603368372047040e+00 -8.022995355548435681e-01
-2.049804597750864765e+00 -3.761842191641063593e+00
-4.344463943183535015e+00 -4.727309900403263043e+00
-4.066153220947767544e+00 -1.827734998017853663e+00
-3.874159900972532711e+00 -5.336249233641689571e+00
-2.302304383838457813e+00 -6.825831904169916697e+00
-3.275918575053180959e+00 -5.827382701136441412e+00
-2.507533659545866378e+00 -7.843663324631574341e+00
2.747182705710633943e+00 -2.766382044604913659e-01
-3.152140301416170409e+00 3.895175491454087258e+00
-4.232913499894342735e+00 2.266227839761332241e+00
2.825685394262021699e+00 -7.728648419808036296e-01
-1.357073949572185967e+00 -6.044922238866556441e+00
-2.371933743299162067e+00 -5.853720663217250930e+00
-5.816397291679912485e+00 -7.773134769922603660e+00
-4.297176306802981571e+00 -7.598214955356678679e+00
2.010327786365945446e+00 -1.325961952767832353e+00
-5.244519150403627705e+00 -3.320419139443176793e+00
-3.949237751731189405e-01 -6.413296314392233022e+00
-4.002612631749235539e-01 7.161496260459824015e+00
-4.394429857712383480e+00 -5.339734429277969596e+00
-3.308465695730042899e+00 -4.596457111769168158e+00
-4.011835843961754300e+00 -6.332106044111727172e+00
2.365321572911633918e+00 9.122003824218175794e+00
-5.117580589857196216e+00 -3.627901618871764100e+00
-6.671935550248048186e-02 5.827896125802915606e+00
-5.082506274504718036e+00 -5.753448363378567798e+00
3.930387548702040323e+00 -6.979067209220175538e-01
-4.243075064917918304e+00 4.192835348562359954e+00
-2.736241125564106813e+00 -7.302093616892217476e+00
3.154595104590507404e+00 -1.636850243732792087e+00
1.992298535845190788e+00 3.247988138673276737e-01
-4.756617528496608571e+00 -6.519197364201920308e+00
-6.168717233529580568e+00 -4.549403462480500870e+00
-3.517067271024970410e+00 -5.400052737701543037e+00
-5.305843748466651633e+00 4.490343974314877862e+00
-3.679140133713503236e+00 -4.710130612795752292e+00
-3.187032962692669003e+00 -3.671736997440721684e+00
-2.826872587495151912e+00 -5.436318850559611171e+00
-4.511832771482936266e+00 4.423153506454918116e+00
