-3.034249789675804720e-01 6.189482681680126497e+00
-2.700880550995897189e-01 6.530974745897761835e+00
1.731043198063376476e+00 -1.216679935583246497e+00
-3.649988059881890567e+00 1.787465479098331533e+00
4.054607344104735334e-01 7.338053361302039335e+00
9.861541461149221366e-01 6.241483438009710838e+00
6.988867128600378953e-02 7.312488431403614264e+00
1.761555783760565763e+00 6.812162494663575707e+00
4.739179492920349013e-01 8.011112272702670012e+00
7.024205421220939272e-01 7.508031845909695079e-01
3.664466713494361483e-01 6.739559420394258815e+00
-5.821922939425447474e+00 -6.045030245994484019e+00
-1.215655987940831295e-01 6.843010901495025777e+00
3.863481349601944892e-01 -1.799672019997810901e+00
-5.778764464858472394e+00 -4.293877366711289056e+00
-5.475921158243273190e-01 6.182966825313825687e+00
1.031303516837251411e-01 5.756951941466951439e+00
-1.823159269705645624e-01 5.637500392920800074e+00
-3.325665521605708275e+00 -4.572682829702486629e+00
-4.337874288388821054e-02 5.434902318942008037e+00
1.024244170212188276e+00 7.730001856209023359e+00
-1.646367968097302015e+00 1.890173906205354637e+00
-2.051402099141571789e+00 1.624287325968736928e+00
-1.913671437684919319e+00 5.257340737233942463e+00
6.679742114398395936e-02 6.007282874465851741e+00
-1.921963144754515351e+00 -6.231341077879765322e+00
1.091245921856008660e+00 7.296795672873837013e+00
1.511582944420036378e+00 9.259404438718776831e+00
8.827360566748800874e-01 6.699240661861574964e+00
6.185273986275022784e-01 7.351896022773700246e+00
-2.969568578515696444e+00 4.038831877587798047e+00
-6.039756939371815347e-01 6.021861248369692277e+00
-2.287864078834204840e+00 2.737898580415095928e+00
-1.051982530893673440e+00 6.036793261785573073e+00
-5.348421506412718074e+00 -4.495411991127436835e+00
5.693862185800174780e-01 7.257532001359470186e+00
-6.775051536870502211e+00 4.510873507535630544e+00
1.118637738191473829e+00 9.645406971357630255e+00
8.642565078850299454e-01 6.054416960322439145e+00
1.118274423273167173e+00 -6.452319855997047382e-01
-1.761014618623701344e-01 6.697968379406781025e+00
-8.672804556736513071e-01 5.214909816710262547e+00
-5.112102050819852472e+00 -5.944739772726532756e+00
-1.110531819145768706e+00 6.053150793035198873e+00
9.592983216682088310e-02 6.073691638693396122e+00
-4.307209982156126049e-01 7.201564646659146973e+00
3.027429115833202289e-01 -6.008235868955105197e+00
6.403114725212138980e-01 7.053690751260489833e+00
2.505915994151908688e+00 8.242049550095810417e+00
-7.849041005576405938e-01 6.058969770122510923e+00
1.510851010547408002e+00 -4.029593317026063382e-01
-2.188138961732767618e-01 5.851528391177319044e+00
1.402617228333299160e+00 7.304592204746836792e+00
1.183871074599507578e+00 8.562255598205235074e+00
-1.387073562698011520e+00 5.679650605454272139e+00
1.459775769770025766e+00 7.245155253912983540e+00
-1.133462765425992558e+00 6.085606014273908571e+00
1.501069337414257632e+00 8.201806840463641279e+00
1.320656616884422707e+00 -2.126261778840270011e+00
-2.164766867091369729e-01 6.183228911491329249e+00
1.983156451593314884e+00 5.400044219259292788e+00
-2.972323639902389458e-01 6.603873889049750368e+00
-7.549690724661093366e-01 7.069369225634750897e+00
-4.512421719161347156e+00 4.242003679994956755e+00
-6.552371284773003124e-01 6.242493030174985691e+00
1.082214219162917379e+00 7.613397472378498065e+00
3.416882821988184826e+00 -2.513145986193995540e+00
1.791728669223744852e+00 -5.101374273388892266e-01
-3.366532765066627686e+00 1.461184081101005283e+00
9.982950193493185242e-01 5.838816650020758559e+00
1.009456713532743688e+00 7.308596294532769377e+00
-1.183287706330435340e-01 7.020680840182483173e+00
-7.041753729980677612e-01 5.063821702658669821e+00
-9.868757837079424888e-01 -4.541603915038079364e+00
3.111686524302251788e-01 7.648175479308080504e+00
-1.711293548310496515e+00 5.382705255373942954e+00
-4.022645342127204593e+00 -6.418368439652159196e+00
-2.519370980759176870e-01 6.364584121134229555e+00
-8.492475367378211626e-01 5.122315209595872609e+00
1.079903942113730642e+00 5.868000219357003999e+00
1.552105226441321761e+00 -4.156984280077633542e-01
1.338500976383503183e+00 7.050181205347135993e+00
1.548504660809155054e+00 6.962581541379331718e+00
1.461880285608813113e-01 7.335411136910166441e+00
1.693248995760389342e+00 7.423328760823205030e+00
5.932648604865593533e-01 7.038818245100266324e+00
2.826031321103040117e+00 -7.089167712727680870e-01
-1.089386036756740117e-01 6.865740200740446220e+00
-1.496694530440757953e+00 5.009675519933040277e+00
-3.410891635164579494e+00 -6.071614393894670059e+00
-1.336106132002518709e+00 6.426336644415288291e+00
1.277837049536995728e+00 9.032667554609457028e+00
1.348598778290731381e+00 7.409319882220398945e+00
-1.908900173636145725e+00 5.094209392375237400e+00
2.273044066634481719e-01 6.587594834942605893e+00
1.722223074569497969e+00 5.961002219651258649e+00
3.070513851207303802e+00 -8.973848635355344827e-01
-8.438408412888744881e-01 6.761052837861595499e+00
8.384343037069512672e-01 6.795555840968026118e+00
-6.602268254689614979e-01 5.899194649124138046e+00
