-2.072450465167079869e+00 -2.698962583791892023e+00
2.706831083510850888e+00 -1.833606165190405424e+00
-3.974475894978776847e+00 -6.247100138655445001e+00
1.701037301498709464e+00 -1.655186579221913590e+00
1.900495078621648792e+00 4.660179609138146439e-01
-6.947876221265508745e-02 6.829668708162802027e+00
-3.867682042642451634e+00 -8.018473021924675592e+00
-4.341274922351081145e+00 -5.005437327608615483e+00
1.397440120462849766e-01 6.434313035391479474e+00
3.259340461646801135e+00 -1.002308639968215287e+00
6.331840414483448365e-01 7.067488097951601489e+00
-8.285617819280540752e-01 5.359639627499372949e+00
-4.020093414731427117e+00 -3.549720694320933845e+00
-7.237901262928208013e+00 -5.927672630467539783e+00
2.099332470937764317e+00 -1.621790825665878621e-01
-4.874500506328528715e+00 -2.760726304530900954e+00
2.945368718357590065e+00 3.788607882181258546e-01
-5.936223824711462704e+00 -7.382811996763105178e+00
-3.784500381699890337e+00 -7.296055210209783759e+00
-2.609286070630859378e+00 -4.870884471670676064e+00
-4.579831569708492367e+00 -5.369193738738673893e+00
-4.032499707250146059e+00 -7.122661711973985454e+00
3.065051173182204991e+00 6.566543243325899670e-01
2.665888615477582935e+00 3.109751936375244608e-01
-3.700710550386160147e+00 -5.085767104439369746e+00
-2.829335802531975919e+00 1.284801398779968906e+00
-5.743172862862583550e+00 -7.097191399754633423e+00
2.576275308334358805e+00 8.375337936174048536e+00
1.650320474560516448e+00 -2.076252097151860543e+00
3.890877670130831412e+00 -6.290965424012445739e-01
2.436978398902648113e+00 -2.305332549958319710e+00
5.067809896982160556e-01 6.423931493727848441e+00
-2.632142154529626410e-01 -4.823846461873644742e+00
-3.803969118657513970e+00 -7.485340281075746560e+00
-2.676226956575271654e-01 7.349073681162300531e+00
-1.473579723740654046e+00 -3.337288310450371220e+00
-4.485017898880160558e+00 -5.599308094953128645e+00
-1.379982756318748560e+00 -4.939874404951193121e+00
3.618534769901353143e-01 8.083235339892075544e+00
-9.070934281749858386e-01 2.413713353168960296e+00
-3.174319548767468913e+00 5.016911141172569089e+00
2.438309971820005639e+00 1.033317742526662641e-02
3.418402325419513499e+00 8.843090065517327236e-01
-8.350576559209146321e-01 5.851328129506354614e+00
-5.591128170787011520e+00 -3.995912549045936402e+00
3.098684874879271689e+00 7.472471706484880016e-01
9.628484225014899422e-01 -5.146740135106296909e-01
-2.736335941329487653e+00 -8.461046713543193931e+00
-3.802625742225698602e+00 -4.564394260531503100e+00
-5.600537491457577843e+00 -5.825134542817985484e+00
-3.877595336248754077e+00 -2.809642672551619036e+00
-1.390783423581126055e+00 -4.859816952698174930e+00
-3.252865205647732960e+00 3.432685882642697806e+00
-6.071572343238740288e-01 -5.675185444610697516e+00
-4.056735401688698950e+00 4.477722300323407012e+00
-5.720580066664953556e+00 -7.367730537956809655e+00
-4.027570216722579310e+00 -7.645783957615086557e+00
-3.398329406263453478e+00 -4.317685562829615797e+00
-1.177322703439397156e+00 4.940070778535218921e+00
-4.079763424439084574e+00 -6.271701938603102988e+00
3.467681269495197949e+00 -6.744206894434796595e-01
-1.967137671184497227e+00 2.540095010779819695e+00
-3.952701519709113320e+00 -7.015085231136626298e+00
-5.518914801765101075e+00 -5.757905210768236692e+00
2.553866656072343311e+00 -1.601541170278332205e-01
2.436112243062211302e+00 -1.422554067342797213e-01
-2.490888733918497522e+00 4.754061421409820909e-01
-5.035228936435851566e+00 -3.883814994998565862e+00
3.083823590291185024e+00 -8.035862428306411731e-01
-5.179853640763688816e+00 -6.825124707543764657e+00
-3.807357591069143954e+00 -5.282272001839649178e+00
2.850094889739076542e+00 -1.655466823628704010e+00
-4.157557139841289384e+00 -3.951313438217686880e+00
-4.573895061761607650e+00 -4.503695615580250333e+00
-4.105276502203587086e+00 -5.563121535275934448e+00
-3.385898890109179771e+00 -5.888419048401921430e+00
1.397737096372465126e+00 -2.410138971997005441e+00
-1.126491490199129419e+00 1.137088064487965067e+00
6.118314107987137263e-01 -1.306619163598049527e-01
3.882649155263854235e-01 7.509228151168293230e+00
-5.576809546949543339e+00 5.205023533783627698e+00
-3.467712716747177737e+00 -5.127359073619778052e+00
-2.060748401174266942e+00 5.376513639691333779e-01
-2.445428171554666630e+00 -4.333827963203860101e+00
-3.567216688193004526e+00 -5.034215079655252723e+00
-1.891003541452351833e+00 -2.317100920494716831e+00
-4.583409981452662763e+00 -3.444017746029459648e+00
-5.987371563169738842e+00 -4.869174278255154142e+00
-3.282468852778537727e+00 3.851056171130156969e+00
-1.787064006053016740e+00 -6.743100745370443683e+00
-4.675983978521586870e+00 -4.977391173314500428e+00
-4.906795138925307498e+00 2.851476556550208041e+00
-4.858654827666433640e+00 -6.734979803653689423e+00
1.866130879359100270e+00 -1.491850556272994011e+00
-4.172108991734207351e+00 2.603018692340866025e+00
-3.123426851220969525e+00 -5.224695743861224706e+00
-4.357162871947925176e+00 -7.929985418079047221e+00
-4.449016976139530399e+00 -6.661627404383809292e+00
-5.852475563766513567e+00 -5.591222124806531468e+00
2.328397133412691278e-01 7.017205861761324215e+00
