-1.247413940474983107e+00 1.742225610904950983e+00
2.729074951113823477e+00 -5.129249324196394344e-01
-2.273005248088050934e+00 -6.658686560537733889e+00
-4.942131339462368267e+00 -6.221540677691181465e+00
-4.077545855641845129e+00 -4.649415441948697492e+00
1.082511482331367070e+00 6.818806844362756969e+00
-2.140487917852127442e+00 2.727810935531268743e+00
-4.164366779039209376e+00 3.643791580048460155e+00
-4.959214400042000648e+00 -5.722790320760080540e+00
-1.941665545757875755e-01 6.982095167076493247e+00
2.405940165613271731e+00 -7.015038714085795046e-01
3.055018522152106009e+00 -1.127658750517013475e+00
9.333827123958144956e-01 -1.414370148906022306e+00
2.192096152654979591e+00 -9.245187285463407623e-01
1.924378667536760901e+00 -1.094892893950171642e+00
1.924316489158565791e+00 -1.650394390843261894e+00
2.733307232107244023e+00 -9.417144137300480500e-01
-4.732680185466177747e+00 3.203926928244595018e+00
-3.563157430199020315e+00 -5.508653356601247886e+00
1.936239779315013010e+00 -2.453914200244041721e-01
1.541450629498287928e+00 -3.865849867387112226e-01
-7.988758356995111498e+00 -4.590520713460929159e+00
-6.346857008121027377e-01 7.091226973971726188e+00
-2.598204412498400506e-02 7.387155077775453549e+00
-1.946338045490588531e+00 1.838229570660903534e+00
-3.888929411158855043e+00 2.884034721924884970e+00
-2.063303794085927567e+00 1.349326481337143946e+00
2.962817198183102629e+00 -7.202764344054608525e-01
1.316825497361288511e+00 -2.138364773732289059e+00
-4.978440399902528846e+00 -6.281783968451666311e+00
-1.512210756743551654e-01 7.159335437166167715e+00
3.058765719285868823e+00 -9.969832887309845182e-01
-2.754117085201591930e+00 -3.934555616798248057e+00
-3.599282618072177087e+00 3.200954857759144900e+00
1.868029091615698301e+00 -1.376671700482047234e+00
-8.809469288030622458e-01 6.383192260944463570e+00
1.119691422755349386e+00 -7.126003290862957806e-01
7.974174416151935674e-01 6.645167888668341405e+00
-1.850979950571758348e+00 5.478190346801795840e+00
-1.641262881585878519e+00 5.875944510911406127e+00
2.858975105686204721e+00 -2.825250938400527545e+00
-3.149064583220996028e+00 -5.834012650772732123e+00
-4.565351674542040605e+00 3.316735414872636234e+00
3.186339139433869150e+00 -8.711850667394127612e-02
-5.385012544370211707e+00 -4.511833665290337692e+00
3.113330545316069120e+00 -7.149657460221687799e-01
-2.035280214513288666e+00 6.139447957214748897e+00
-3.318240161403032129e+00 2.123348650365044055e+00
3.441269783914099101e+00 -2.212012120040738328e+00
2.252708444182633052e+00 -1.186773329234954266e+00
1.640391482158232384e+00 8.053494732696035996e+00
-2.535800820789170018e+00 4.303509738516547500e+00
-4.130941696376026151e+00 4.615775346243053079e+00
2.395914436645036893e+00 -9.248374164915450502e-01
9.708656007903720964e-01 8.510090324558692743e+00
2.126523563157789898e+00 -2.133524890501007576e+00
-3.595259808278412184e+00 -4.181952106201664243e+00
3.157268569639836819e+00 -9.957658829605112727e-01
8.035751777659874695e-02 6.968191139027212877e+00
3.200666209269864559e+00 -1.092085974789781311e+00
1.925160254538961224e+00 5.504279845412993755e-01
1.656297228811988820e+00 -3.438017301402549464e-01
2.690923191324163355e+00 -6.754860511051752336e-01
-4.103836830483265530e+00 5.255800211173784930e+00
6.698880592339273576e-01 -1.441179300154129317e+00
-3.631607921333098954e+00 2.084163690024677607e+00
-3.767226106140604713e+00 -6.448013584456865566e+00
-1.177319115360930812e+00 5.222248673283782949e+00
-2.432110691381733414e+00 4.932842629933210432e+00
2.279463572351554390e+00 -1.567782372677510638e+00
1.227959648345758215e+00 6.093665380889472516e+00
-1.475826339163150092e+00 1.281528979589309891e+00
-3.588888202021912832e+00 -4.894286456582343625e+00
-5.363144868938579890e+00 -6.136476431466852510e+00
2.178220146285187120e+00 -2.226412410000219388e+00
1.158463297236866030e+00 8.234580908256239340e+00
-4.792794412152106887e+00 2.164779470164504449e+00
3.380227470576298909e+00 3.841757786097699245e-02
-3.041091128807917876e+00 1.886399142114109084e+00
-7.776551526619903676e-01 5.635753446819000700e+00
-3.206790356771875850e+00 2.185761271465767930e+00
2.806185944009814470e+00 -1.027393824425563151e+00
-1.802649138872192136e+00 5.233795663614219329e+00
1.556673655489849706e+00 4.114245733180865727e-02
-5.818799354762168363e+00 -2.989528781915548272e+00
-8.820357475760517985e-02 5.910271261184328218e+00
-2.392532291572438297e+00 3.403063832842118330e+00
-1.002121490421124639e+00 5.912162631834960713e+00
1.070088732278540455e-01 6.110669331040258001e+00
-2.594886304697114454e+00 -3.381508440943835403e+00
-3.218518125595454027e+00 2.408797299120466029e+00
-4.943425683744072652e-01 4.420995563374377824e+00
2.511807582695265495e+00 -1.312840463266645497e+00
-4.742911405706200512e+00 2.937327141468792480e+00
2.474344490228389315e+00 -1.038187092456431371e+00
2.337682527386666376e+00 -1.087906223447451026e+00
2.351736290645361827e+00 -8.436638193921027762e-01
1.421453238407617503e+00 6.865284638272062701e+00
2.257336867915787249e+00 -2.087757631419994819e+00
-1.593523174898529016e-01 7.428617098086219173e+00
