-4.564840607429576202e+00 -6.534746440684409130e+00
-7.979239100827206777e-03 5.449827069191606199e+00
-1.383162304063214831e+00 7.468829820559424348e+00
2.152958481131346247e+00 8.762355766513891808e+00
-1.315593677226906344e+00 5.471924251576172793e+00
2.948935839230566458e+00 -1.177958786836768024e+00
-3.943550436510462887e-01 5.347361091029974034e+00
-4.631532309815026949e+00 4.405480015735287580e+00
-2.293236101010499017e-01 5.189300802006084012e+00
-1.069010122468489810e+00 6.653988971496144877e+00
-3.292435503795493101e+00 3.078363016480231806e+00
-1.811018174142242865e+00 4.602299122739790249e+00
7.829870299758816543e-01 7.412741703741844823e+00
-3.451444729106761256e-01 4.961143815388384226e+00
-6.612212760296424463e+00 5.736962365098014160e+00
-1.510749847497758758e+00 6.246930219722233169e+00
2.904209316632866411e-02 4.787844599960262570e+00
-1.288069473512801322e+00 5.975062616259306125e+00
2.498088525477012434e-01 6.923704879827765168e+00
3.043073677525261811e+00 -6.714681685057148908e-01
-1.950971962870574894e-01 5.712435033554199570e+00
-7.784257258574800442e-01 6.873338133875359190e+00
4.756633332523594326e+00 -1.702858459788983758e+00
-6.405117081567523130e+00 5.662498956812923367e+00
3.434543222043269228e-01 5.540636129652288133e+00
1.688804248436353239e+00 7.306380501387802262e+00
1.076030047204192819e+00 7.626593204410806237e+00
2.478399786232271751e+00 -1.444877915087098952e+00
-4.708132733401732217e+00 -6.066218216609432723e+00
-4.143988687410759653e+00 3.796225804196864395e+00
-3.755954744444832460e+00 -6.124719403686878394e+00
9.829979216569484368e-02 6.466091165144793429e+00
2.706760608481764141e-01 7.137211681809404240e+00
7.823703550336192913e-01 6.286187733454221771e+00
1.159049556141260373e+00 7.866490048029088022e+00
3.228508294784612431e+00 9.707952348266406517e-01
9.529727993023545674e-01 6.374636083337341219e+00
-2.747299745885410260e+00 4.110923729810735949e+00
-2.852579974319310319e-01 6.712795399676742214e+00
-5.809431706657317562e-01 4.780706115201973638e+00
-2.739443998118141543e+00 -5.942178774726412094e+00
-5.682448024918164364e+00 -5.147664843212376162e+00
2.620597408994486122e-01 7.327297809860082722e+00
2.366220898219811297e-01 6.716964421290122722e+00
9.521778481900227131e-01 6.483963421581893982e+00
-8.071118955823980423e-02 6.981383673664369738e+00
-1.709663015717128864e+00 3.513419754688753560e+00
-1.073881171599903261e+00 6.005964459868327054e-01
2.175998493152075941e-02 6.984470259218101162e+00
-3.184597211774224945e-01 5.813284048637866519e+00
8.293635905391658070e-02 6.677599014207978634e+00
7.699562873605918512e-01 7.663524579767082123e+00
-4.556850941881716466e+00 3.023723473495876668e+00
-2.322860547683229804e+00 2.580963873663236985e+00
-2.635555013523928736e+00 4.218665578212250189e+00
-7.462284124855655953e-01 -5.205952185364015605e-03
-1.180292818470602079e+00 5.405593062203365662e+00
3.421123732913812221e-01 6.177674471873794815e+00
7.652482451891946535e-01 6.630739158201268246e+00
-5.783696961512164725e-01 6.373453750116183869e+00
-3.582768839985424059e+00 3.302926111479863369e+00
2.897350895996150921e+00 -4.245884094428290512e-01
3.151408961538888054e+00 -2.383001259521688731e-01
4.362172360685995898e+00 3.859713064038809982e-01
-1.092880573068671257e+00 -8.295085575794139743e+00
5.344607504629312889e-01 7.700774549515641887e+00
-4.370166891450950608e+00 4.151140175104165664e+00
1.776904491417246490e+00 -9.409651650730180839e-01
7.464004895420842667e-01 7.371956538687947535e+00
5.753771385027983687e-01 5.418945361833645613e+00
-9.122236199565119108e-01 5.639522036868849675e+00
-3.360530400802820505e+00 -4.962919083016508637e+00
1.816697920869315697e+00 6.787909767901571634e+00
1.102210939312965543e+00 7.783058371373028805e+00
2.869853476799092640e+00 -5.207207115048410051e-01
2.303630332817727666e-01 5.748028339448741697e+00
-1.486298997194244853e+00 5.672604541950727608e+00
9.213042693933770622e-01 -2.450790083932634644e-01
-5.001654979612889740e+00 -5.276247040848474512e+00
1.844538362697353828e-02 6.603735860028328020e+00
-1.981778342318471386e+00 3.698272369875281296e+00
-1.967359248322531284e+00 4.082152252664894121e+00
-1.659305270693167467e+00 2.203471410650482465e+00
1.537574845398049228e-01 6.413154454761071044e+00
7.770521645536694333e-01 6.902972958116294855e+00
-8.047739752469489360e-01 6.915881088630154494e+00
3.150609023608375026e-02 5.174366205162035826e+00
2.045286810379537967e-01 5.579162145562717612e+00
-4.469922893508458950e-01 6.649314898569206989e+00
1.986722791964227186e-01 6.459747759082882901e+00
1.539478148334232632e-01 6.990941033038470920e+00
-7.343170427416245261e+00 5.256554760936163362e+00
-5.528862407172725923e+00 4.411581793447919786e+00
2.742234550397126824e+00 8.885578706157481577e+00
-1.087979779475317210e+00 5.975394547951800028e+00
7.773626672261847448e-01 7.152501244186447060e+00
-9.330320211291358579e-01 5.455883022416008643e+00
-5.776519347640789448e+00 -5.664570345157121878e+00
2.633227064337280154e+00 -1.342866711536979452e+00
-8.353598336299379312e-01 4.911883080870280693e+00
